"","V1","V2","V3","V4","V5","V6","V7","V8","V9","V10","V11","V12","V13","V14","V15","V16","V17","V18","V19","V20","V21","V22","V23","V24","V25","V26","V27","V28","V29","V30","V31","V32","V33","V34","V35","V36","V37","V38","V39","V40","V41","V42","V43","V44","V45","V46","V47","V48","V49","V50","V51","V52","V53","V54","V55","V56","V57","V58","V59","V60","V61","V62","V63","V64","V65","V66","V67","V68","V69","V70","V71","V72","V73","V74","V75","V76","V77","V78","V79","V80","V81","V82","V83","V84","V85","V86","V87","V88","V89","V90","V91","V92","V93","V94","V95","V96","V97","V98","V99","V100","V101","V102","V103","V104","V105","V106","V107","V108","V109","V110","V111","V112","V113","V114","V115","V116","V117","V118","V119","V120","V121","V122","V123","V124","V125","V126","V127","V128","V129","V130","V131","V132","V133","V134","V135","V136","V137","V138","V139","V140","V141","V142","V143","V144","V145","V146"
"1",1,0.903095619194646,0.730153835909385,0.538841543638158,0.421275777024004,0.273575858338356,0.250911927866614,0.238738934930915,0.237716494321748,0.211826981915563,0.172670536898839,0.133883400152424,0.0775061895532564,0.0608978095006494,0.0329819555967572,0.0294843847992136,0.0415736987281535,0.0970399749043986,0.0893878624847398,0.048187365238232,0.0749721006704266,0.109332167419985,0.13522410121852,0.140245417179198,0.146389535003076,0.159727074587956,0.0880197290969559,-0.0761903305434651,-0.204228785141764,-0.29000017452498,-0.24302491666994,-0.198828290204473,-0.145052907765071,-0.0884860474361446,-0.0595284989117251,-0.0818728145417272,-0.101790757290032,-0.0355311948715862,-0.196125368272452,-0.187615253637501,-0.193727690028864,-0.17973283420979,-0.162634980082056,-0.150657905211823,-0.124257407434608,-0.0783765828163243,-0.0893291693497715,-0.120294434683118,-0.138785052961363,-0.162565858740057,-0.146954693852931,-0.137261465264666,-0.126037319578009,-0.0956186605263599,-0.077125377148554,-0.0720981195677065,-0.0663140660926479,-0.0788627622726996,-0.115062165994998,-0.117116017728139,-0.170609219873834,-0.178233553937838,-0.147920812885859,-0.126589785942063,-0.118141584638364,-0.0941669082759529,-0.0849653882937966,-0.0326046858181971,-0.08451406185148,-0.113154403710931,-0.159144248702722,-0.160640999254451,-0.136637693872507,-0.128682375033029,-0.119574767312804,-0.122109960537804,-0.133529800042318,-0.142725937399704,-0.11837673329168,-0.109208554103723,-0.0296367124653259,0.0571381826790762,0.0900937122613114,0.111268672088619,0.0561820732803183,-0.0146492014877224,-0.0920547435251188,-0.155589356875074,-0.178857575023113,-0.189483329504377,-0.195432012460726,-0.161768841501405,-0.147749650035711,-0.135728602866821,-0.122734808749598,-0.0977780613322506,-0.0797887865592336,-0.0771488815246635,-0.0754352008094779,-0.115333053822246,-0.156620041969978,-0.12737279410641,-0.0516523962447853,-0.0481284483840707,-0.0211793954863165,-0.0303400838515917,-0.0265248502584713,-0.020419808808476,0.0352794027431888,-0.00283924495582679,-0.00280188793415472,-0.0121799599256574,-0.0496624125149772,-0.041308036012912,-0.0167860810707029,0.0147277331596043,0.0244781150582389,0.0306854977833374,0.0308546568906892,0.0161083013689929,0.0345281919159083,-0.0340439539302415,-0.0479391522415451,-0.0262059013226951,0.034742050263181,0.0619352038389893,0.0987036941051241,0.122413873586858,0.148644269415805,0.129131130469516,0.0669716418963531,-0.0440382035117206,-0.133500679943982,-0.150292334129829,-0.130896659906371,-0.0848358585587497,-0.0473150608415999,-0.030030324681907,-0.0338381908872447,-0.070951001282808,-0.111806949955036,-0.154294590533228,-0.181176826371816,-0.190262036982724,-0.173665868584327,-0.154482768376564
"2",0.903095619194646,1,0.89570603388563,0.731832795415408,0.579483479042154,0.378363900993578,0.261720855137947,0.194572437082347,0.174931738851546,0.162351916665835,0.150642170765661,0.131947666600497,0.0883897695295238,0.076415768782535,0.0411698163187376,0.0194070986309379,0.01987550784575,0.0658347370582257,0.0570222302759351,0.022892782209548,0.0566124642714112,0.0986251631291942,0.130311197920242,0.138404322182091,0.149591835781896,0.161588581865026,0.0945768628220165,-0.0709945311890972,-0.207059968501661,-0.274447933140496,-0.222214510571417,-0.183203397011944,-0.130370623912074,-0.0803583031655551,-0.0567470435526419,-0.0871211546516602,-0.112389570409643,-0.0664615174015696,-0.232154210625796,-0.221994602736478,-0.22259773788773,-0.203920000996679,-0.187862649787988,-0.173924538743537,-0.146325449279288,-0.0865192481213623,-0.100462035148735,-0.134977913514785,-0.137343487270714,-0.146004681845763,-0.119797156751186,-0.100452560017513,-0.0806847893630008,-0.0461411073877938,-0.0250870249020156,-0.0273721328893455,-0.0298522337152899,-0.0418633509221167,-0.10472202984326,-0.100023736450407,-0.13924981957403,-0.144287699037095,-0.107499330744854,-0.0895494762471862,-0.089536400324868,-0.0842554250791741,-0.0503888813327931,-0.0137681136083684,-0.0568730612653934,-0.0914334086491567,-0.140215872795892,-0.143158468366947,-0.116084159639813,-0.111574875864588,-0.105408850835917,-0.106517620368167,-0.115730641282733,-0.128225831824875,-0.0966430206902001,-0.092639123838351,-0.0251946618081141,0.0778316965450696,0.0925445452112733,0.119771429715323,0.0513361559922815,-0.0127132232414269,-0.0886530919171799,-0.157269461865154,-0.188605094938066,-0.198778696289213,-0.196968420542736,-0.169449509153177,-0.155079128001901,-0.146667296790561,-0.136361122531617,-0.116538359996491,-0.11245308379525,-0.115891479131802,-0.115144582392264,-0.146839464908443,-0.184969801261969,-0.133138460837059,-0.0390360587047337,-0.0565301216102189,-0.0375724960922569,-0.0589776127974337,-0.0612777522359003,-0.0452721007818204,0.0236798273165741,0.0172669633946853,0.0398993272333109,0.0592806099579219,-0.0319530787010688,-0.041972255118419,-0.0249212670756137,0.000790397014811546,0.0130427089002934,0.0182284564916923,0.0201669517104844,-0.0116010880634889,-0.0142637558164574,-0.0930948958382558,-0.101380081017048,-0.0655453561729391,-0.00437279733534785,0.0267651342861114,0.0641411209888443,0.0875841903149152,0.123748516951078,0.116457431071389,0.0658639034375406,-0.0488620762610421,-0.126743936279713,-0.138113610989666,-0.114363063275939,-0.0677800920176384,-0.0337591025201664,-0.0251294686485456,-0.0400084616319631,-0.0901701493817292,-0.140354305742059,-0.185474471976379,-0.209170531947242,-0.214916903361065,-0.193660179043014,-0.172513666544761
"3",0.730153835909385,0.89570603388563,1,0.884441299506981,0.733616606325729,0.515823260823434,0.303816044146783,0.162915287802279,0.0983414634074312,0.0751612726603314,0.0776595354442538,0.0844026465012251,0.066942545414263,0.0750613101834397,0.0431281094028179,0.0126238232294245,-0.00120456419496992,0.0246040959460393,0.0121597436273799,-0.0217606793863756,0.0178797778416022,0.0674724755919038,0.106986204071108,0.118145701753143,0.134938408676591,0.150263950899477,0.102462967744776,-0.0466599458293508,-0.174437469330374,-0.221508121478365,-0.185218782822005,-0.151554558500215,-0.102747157286697,-0.0621417504779187,-0.0427698571369144,-0.0693471799074167,-0.0900057301670891,-0.0590774471798915,-0.210816759701559,-0.203139988260696,-0.20454159159773,-0.185606317970398,-0.174992984382668,-0.162054284074271,-0.134197680862641,-0.0666669245573214,-0.0725794916821245,-0.115306103788903,-0.0977686894681702,-0.0832816033500681,-0.055004040360371,-0.0369101488631321,-0.0130005095731413,0.0177469162491389,0.0355898590140474,0.0232634854083342,0.00902493975909189,-0.000256589651284206,-0.0601468127170345,-0.0385199550277242,-0.0516228680170982,-0.0564370275681385,-0.0196043074402964,-0.00807444482671549,-0.0187470150863079,-0.0331891150197612,0.023573026445373,0.0370693180101588,0.0134671331928974,-0.0117801119317419,-0.0668623113955581,-0.0729995817349342,-0.0418661337624114,-0.0411138404448371,-0.0420079637391892,-0.0425555356144506,-0.0537986463469186,-0.0733947484705649,-0.0342857837428543,-0.0265275765978566,0.0265605269007325,0.131131465212937,0.126947869990759,0.146281675530962,0.0787560891745082,0.0193664491521209,-0.0502922628665006,-0.120857489533642,-0.161194326174111,-0.164649852850683,-0.150284688156588,-0.139354398462808,-0.135330372840923,-0.136222726396875,-0.13260331460398,-0.1227682242825,-0.129186405515461,-0.139344662890665,-0.139276181735876,-0.15804185874107,-0.185777139849282,-0.111643756726555,-0.00218581502200843,-0.0500892685221591,-0.0528877459355986,-0.0880391096052492,-0.0939901462690558,-0.0748085623185581,-0.00860030901721979,0.0133077986634736,0.0380847041874948,0.0836541412131335,-0.029796308374148,-0.0556040364179881,-0.0448475802650089,-0.0194443726712914,0.0046820472199598,0.0180681975494834,0.0359760230855134,-0.0070820388311878,-0.038429854394703,-0.126611335943197,-0.14300593333919,-0.103809804151245,-0.0492604427835104,-0.0151123162866103,0.0302607975466708,0.0627501761024291,0.111941993572283,0.114660908967806,0.0662240110671782,-0.0728565020849802,-0.144746450816528,-0.154722606741554,-0.127573733699458,-0.0834875565285513,-0.0538656060277704,-0.0543580517498959,-0.0778787029990795,-0.136933961011524,-0.191424995670945,-0.235143578618628,-0.254738504382561,-0.256593644429806,-0.233935825873845,-0.209859026308754
"4",0.538841543638158,0.731832795415408,0.884441299506981,1,0.852847844374273,0.651334400386954,0.373896898182457,0.177435213099594,0.0635811328175514,0.0121514059299501,0.013191685388963,0.0398037421485651,0.0485255906143314,0.0787634757023455,0.0518863816483958,0.0220658550723077,-0.0042943130132757,-0.00106864254718918,-0.0206696142797691,-0.0619963880991129,-0.0153051169506092,0.0427856743784252,0.0913707325091744,0.105966610708206,0.125849312689141,0.141610059514855,0.107340646646388,-0.0105088066708742,-0.123755241834979,-0.146817231074742,-0.128704605166775,-0.105030949585988,-0.0670083430828184,-0.0365739130813029,-0.0202236742312522,-0.0358248300714569,-0.0485462676212121,-0.0453393704993217,-0.154638184628033,-0.152293562059235,-0.161295771122372,-0.150130675202152,-0.146960384723125,-0.136139940637629,-0.11015748635015,-0.0419149883307361,-0.0295882849399957,-0.0754044005498017,-0.0368475938367727,-0.000527269304937743,0.015577272328578,0.0357258475643984,0.0611934710364304,0.0853089237470837,0.101245887110197,0.0841348916112592,0.0603048096238148,0.0435823848806735,0.00895190148747365,0.0424120201316183,0.0514490503544444,0.0455211440118127,0.0752224118175694,0.0815677098677278,0.065727849613258,0.0343092288692022,0.113970397376374,0.10669266896511,0.102539143352359,0.091900022298285,0.0352469051935366,0.0240380051016328,0.0537570078323637,0.0517046812683299,0.0438169618322439,0.047674798551609,0.0376858787668559,0.0145165931112594,0.0594924449907457,0.0728154920005526,0.107408040942131,0.200360626567462,0.190246358390224,0.194586041160469,0.134064636018972,0.0790303164718677,0.011755713629193,-0.0574746051209021,-0.10379454475711,-0.0966505079699502,-0.0782513256249064,-0.0849228542494238,-0.0931325170458987,-0.109201364623324,-0.113592230738741,-0.108675351065967,-0.122188644828764,-0.132485607622574,-0.130590408055061,-0.141204167762416,-0.155397550926819,-0.0747729470907199,0.0316961482538407,-0.0450273381955028,-0.0631318413199785,-0.102215786617722,-0.110489786824696,-0.089988193365923,-0.0274222974682796,0.00519228408837514,0.0141804193212277,0.0674898784919848,-0.0587281335263516,-0.0961151791869017,-0.0903988735702126,-0.0639328716152008,-0.0237444787045875,0.00730518537437186,0.0421433526314039,-0.0093232466372651,-0.0761121178186344,-0.163536952950562,-0.187239469349605,-0.153883275613225,-0.114636339652918,-0.0834216809734875,-0.0361841593800067,0.00462236163239326,0.0622991131317576,0.0764584305767044,0.0310440990880008,-0.123170694047657,-0.176444902397441,-0.182073800842335,-0.151393483561551,-0.114443499235134,-0.0937252477006568,-0.106691949758001,-0.140396533120145,-0.206762813196511,-0.259442864235604,-0.29342307553446,-0.303906510410053,-0.298088553103297,-0.274473585448711,-0.24758912984548
"5",0.421275777024004,0.579483479042154,0.733616606325729,0.852847844374273,1,0.85805989727936,0.620160166585334,0.401163705876383,0.223856192270368,0.0944841440964486,0.0453051649776319,0.0741502966706781,0.0883566691692108,0.125468533664528,0.112597068911516,0.0986120439340971,0.0820295774972429,0.0861962001992295,0.0561688294838896,0.001767913020601,0.0361605733123578,0.0834879066311753,0.122843394632029,0.121441499266529,0.13378466674163,0.152085303739656,0.128635683902972,0.00425967141066597,-0.127421991314667,-0.137724363913891,-0.119416558120118,-0.106981354717165,-0.0854565258455927,-0.0480094199467902,-0.0244113893087507,-0.0244789414097693,-0.0241118957209523,-0.0479751177056554,-0.132162216442304,-0.125735065156634,-0.132923415994264,-0.127406206909883,-0.134011576557405,-0.114356404784133,-0.0829484187580956,-0.0125032250761596,0.0109304858445764,0.00336523333151066,0.0215883919386736,0.03391984258041,0.03527023940944,0.0448308852359098,0.0734591848452081,0.1082980063775,0.130958084715593,0.119865296526043,0.104168686722396,0.0822468525824458,0.0380325835449237,0.075813577489627,0.0748676534881377,0.070382030872219,0.0966859887296801,0.107098291692685,0.103734607851192,0.076105247764777,0.160681423845135,0.135830063136353,0.124443221249914,0.141640669821038,0.0861912510911603,0.0758202375613957,0.099037079517333,0.0980132496713727,0.0895619018811306,0.0923799911591709,0.0860444105056762,0.0628557983835457,0.108647360260056,0.118900170996203,0.156486007405433,0.228817374684139,0.239970121609499,0.24326597711391,0.188233209236522,0.117094553669647,0.0346451119764771,-0.037493870445554,-0.0877557735499309,-0.0894032843923072,-0.0873000986974725,-0.0925059085130823,-0.110238940018329,-0.135101773530105,-0.136142365618813,-0.122786656911404,-0.122998222217143,-0.123422256291097,-0.121390786411208,-0.132713560525453,-0.169757295962499,-0.116978424853539,-0.025132234577538,-0.10840303624049,-0.123388612524885,-0.13954200299348,-0.127888530541976,-0.090298067720665,-0.024598532732082,-0.00805290124611432,-0.042386008531447,-0.0217552695098918,-0.142943218776292,-0.160647504362769,-0.146177393810693,-0.11098797718617,-0.0546064697411671,-0.00902822819528588,0.0357609339081386,-0.0133148746451213,-0.102666902067486,-0.183840506258347,-0.221404666653713,-0.180835906632221,-0.136040775804774,-0.108814607287923,-0.0607415671570903,-0.0178236087274735,0.0430863521625467,0.0534269733092902,0.00682267633142621,-0.157473521532005,-0.214152501803015,-0.219532060873974,-0.191719345521588,-0.164310124383687,-0.150791071060007,-0.173714355262332,-0.21401122669688,-0.283944837312392,-0.330271896959583,-0.352000764569765,-0.350269061431986,-0.337688520255381,-0.311331360787011,-0.283391695236253
"6",0.273575858338356,0.378363900993578,0.515823260823434,0.651334400386954,0.85805989727936,1,0.823107421501414,0.603953917875715,0.394411456478346,0.206516435233881,0.104815702691258,0.119272982553729,0.13327252249446,0.176316664137958,0.182302378879799,0.1910821708622,0.188076340412787,0.187254204505262,0.134745798242094,0.0649765258519185,0.0725213695678172,0.103331486836037,0.136291927826096,0.1282964614665,0.135597690130935,0.151555033149268,0.12536803334334,-0.00259169230754542,-0.12752292200741,-0.131905697923587,-0.138410080226724,-0.131293561341118,-0.117125425158482,-0.0823471101540111,-0.0565290431037485,-0.0332766703934052,-0.00950886917594981,-0.0245114374111219,-0.0871683341397385,-0.076154182384332,-0.0879722788277323,-0.0835117286278933,-0.0958169698450074,-0.0721376020033738,-0.0431879970648837,0.0280592787345149,0.0590052921055711,0.0701432862872765,0.0806278974300974,0.0715852294180495,0.0541639222842128,0.0572192952375791,0.0852641437390463,0.123503681010821,0.149423496021366,0.146306611858397,0.142210638145611,0.123499344199627,0.092567408150321,0.13837209614978,0.104799445434149,0.0966460383280209,0.114649024392163,0.133242275697637,0.136924845515128,0.121471827616543,0.196382895156647,0.171437278480339,0.145197450845982,0.184262935884558,0.128365946298065,0.114518314914326,0.121001281867752,0.117534866595139,0.103386530644928,0.105779742318306,0.0898462159212582,0.0636666842924171,0.106911332866039,0.105657836845264,0.142095401709272,0.183210730816267,0.187950738564919,0.165338428713956,0.140704326187918,0.0645764517597588,-0.0125362286525072,-0.0677833096870987,-0.107176713463025,-0.114089280422531,-0.112473315969784,-0.11174063046492,-0.128319173525989,-0.158617318652139,-0.170752594262181,-0.161611850968203,-0.159116107441459,-0.151884667419341,-0.146242649842828,-0.157764951703448,-0.200198540430535,-0.156788381188165,-0.0798246245227327,-0.182853840554778,-0.192469991399857,-0.19167382802057,-0.166801336516291,-0.113883402796102,-0.0488968600000021,-0.0379100772311236,-0.0958582762716441,-0.0955957272937103,-0.176077784012605,-0.189321556312691,-0.175583228950133,-0.141916106500646,-0.0754480080350156,-0.0260368074396005,0.0190083056982077,-0.0145790851224397,-0.08905850916241,-0.147968104912163,-0.196300983111051,-0.191957730290337,-0.155183691963079,-0.139931740950566,-0.0956641022040899,-0.0541493801944414,0.0113670827106691,0.0262004582984149,-0.00794851890247981,-0.153620411073541,-0.222312463561636,-0.243753151058314,-0.231625196956238,-0.215842866339164,-0.204206059146795,-0.217663236482688,-0.241190983431383,-0.288588968334005,-0.312021611609896,-0.322304398314078,-0.319819731434002,-0.309420719240991,-0.294345395865374,-0.276222816791831
"7",0.250911927866614,0.261720855137947,0.303816044146783,0.373896898182457,0.620160166585334,0.823107421501414,1,0.853782493588957,0.656064471075497,0.433008854814498,0.271195665781626,0.240172522094849,0.216254492759263,0.225763538842558,0.245280522897848,0.284572602449969,0.316793120611328,0.344357631720091,0.285681800164082,0.212748438420605,0.180889766178788,0.177368065430314,0.183543403233913,0.157607269239564,0.151467934329512,0.160986933992827,0.125718420508122,-0.0241594784399698,-0.137511636109794,-0.170253230961874,-0.180097659897736,-0.178187639938358,-0.17275028920685,-0.132752901519461,-0.0990797078514027,-0.0652218456472791,-0.0287182003038776,-0.0368516324353111,-0.0922296957439327,-0.0721030312836681,-0.0813898234086626,-0.0771857728195113,-0.0856337717289303,-0.0552228504759185,-0.032764688371377,0.0353623008326017,0.0501048452599039,0.090357864650298,0.0630959618481115,0.0178375528283772,0.00570527475863149,0.00596017453854216,0.0311146194019805,0.0753017776451942,0.102515243873798,0.110114994179392,0.109811874235315,0.0779786958471054,0.0516057462379281,0.0686587950943979,0.0227774869237905,0.0212136191901469,0.0373459193211025,0.0627948557004586,0.0824760609194231,0.0923574628635313,0.125974667509614,0.113325656993441,0.0620384603106205,0.102308662780546,0.0608964017365626,0.051215623080989,0.039988035083819,0.0401778424164284,0.0342493985399163,0.0334204252126753,0.0238666076563913,0.00685100987821895,0.0333634903610168,0.0154942451097323,0.0487304012919902,0.0649415690327542,0.0901846492442006,0.0845953720087671,0.0731743011893472,-0.00295851550772611,-0.0792175075247675,-0.123351693236596,-0.144985792464054,-0.171849942436676,-0.195162108314295,-0.176098459241186,-0.181484308667368,-0.20356805896223,-0.207490540356852,-0.19014422334969,-0.17478396884204,-0.157214913424329,-0.14751689444373,-0.164902128692566,-0.22951141804202,-0.219545134015701,-0.169278824854785,-0.24089596485395,-0.231387477062841,-0.204391813370407,-0.154397753637249,-0.0873730565260024,-0.0242436318277021,-0.0421730725799689,-0.115416562057731,-0.159047325163552,-0.180571120286453,-0.162906888127711,-0.141996711421398,-0.113498123706989,-0.0572312158059199,-0.0166403990658303,0.0120725853520504,0.00983493527466899,-0.0267117126677245,-0.0759461000510951,-0.122043570967431,-0.14594830615976,-0.114999978839281,-0.11028094110466,-0.0764658065211982,-0.0466526770300705,0.00870891981641608,0.0174181683265668,-0.0131408330574185,-0.124351444025373,-0.206101983275237,-0.243830728360438,-0.247629603815379,-0.238636821864042,-0.225335767384701,-0.22401332927235,-0.228363283859437,-0.251435508843908,-0.25725180102087,-0.263588219320284,-0.266017742732443,-0.265122350965367,-0.260761325658228,-0.251743367511893
"8",0.238738934930915,0.194572437082347,0.162915287802279,0.177435213099594,0.401163705876383,0.603953917875715,0.853782493588957,1,0.890101898611339,0.702738073524094,0.525629051154943,0.434606425381974,0.34593115368329,0.272869235532707,0.25691151076946,0.296869351496723,0.349719904828014,0.402954423189944,0.359202097714285,0.300201719041553,0.245821447333373,0.214766541799083,0.20013864763604,0.161990003067953,0.152341276612045,0.156968140856232,0.11128680239685,-0.0483232936734276,-0.140771652314278,-0.194468188786938,-0.224846456876922,-0.216717705247884,-0.209617093893848,-0.171087145498001,-0.135537743468979,-0.10166228291171,-0.0642716224930964,-0.0523844819506665,-0.12273498381419,-0.0955911187216171,-0.107463432915919,-0.106353514161198,-0.106305223092446,-0.068310466430111,-0.0481317722582481,0.0025754298791328,0.0253112106432863,0.0721784721421185,0.0085567584667521,-0.0553769504206051,-0.063684024383797,-0.0609805753926004,-0.0402459337337898,0.00654476616686205,0.035124452862722,0.0559596647367687,0.0676004525617684,0.0359406218947176,-0.00885618525574821,-0.0176304475378442,-0.0686689419299139,-0.0627011564078344,-0.0451965470915126,-0.0133477599765042,0.0184465060731425,0.0564547529458719,0.0529992414603676,0.0610598729962553,-0.008321444244898,0.0171147279747091,-0.00793260115783684,-0.0142557940308583,-0.0339843843587228,-0.028533460403852,-0.0247360293341366,-0.0166932096862544,-0.0141279808384661,-0.00502906408067831,-0.0141601244325599,-0.0457392969746285,-0.0186581394304712,-0.027762574496435,0.0328162920195635,0.0467874933695663,0.0299505494395219,-0.035227721147461,-0.109779271762164,-0.152168260151204,-0.166422939000272,-0.194584730411278,-0.238688302191068,-0.212379997274122,-0.206143739232709,-0.214407404291293,-0.204841945827532,-0.181951697518231,-0.161155684261079,-0.140230772184667,-0.129440882486723,-0.152577771847914,-0.227754394172135,-0.245440784813578,-0.222225291956755,-0.256173469321976,-0.221247650809543,-0.177357813785407,-0.124503585262785,-0.0647177231824636,-0.0118339944888837,-0.042064171643877,-0.107978360868199,-0.165056846408625,-0.142741384070303,-0.108242149298131,-0.0862407887866617,-0.0595202857415503,-0.0145370961513008,0.0165351279035026,0.0323782474319773,0.0418807242505883,0.0248332830745653,-0.01881292587623,-0.0783601380218888,-0.110085991007956,-0.0809332677484647,-0.0766680082568662,-0.0501545633107669,-0.0285540258451271,0.0142409828327992,0.0136192235433191,-0.0252313218271339,-0.117760516975343,-0.197834391243441,-0.236546586828771,-0.241802797816924,-0.229638779564152,-0.212867357831466,-0.202225866817179,-0.198015392950051,-0.209993893584298,-0.211524114673909,-0.220681959486646,-0.22916216668958,-0.235116115408892,-0.23367387122152,-0.226340416005872
"9",0.237716494321748,0.174931738851546,0.0983414634074312,0.0635811328175514,0.223856192270368,0.394411456478346,0.656064471075497,0.890101898611339,1,0.880323735212622,0.73142833688774,0.610079490855082,0.482706040907032,0.346558911103682,0.288488533151652,0.306817269703172,0.357445483539603,0.415067827712405,0.380844520649274,0.336130993774874,0.271658937110094,0.227551262620543,0.202063336424395,0.159388248312643,0.155405447074684,0.160084507845502,0.0990940718078546,-0.0673833298866024,-0.164251662771197,-0.243302922063586,-0.270764815815847,-0.261875422340634,-0.24949145610119,-0.211988301323533,-0.173163919529151,-0.140487473058335,-0.107717992541879,-0.0943019479662758,-0.174467442973797,-0.143258600439261,-0.153824165347354,-0.149766779018765,-0.134827041906398,-0.091754815171203,-0.0726179770851976,-0.0307646754097835,-0.00699320569659818,0.0292343953776181,-0.0532324186130184,-0.122739374676327,-0.121287618212285,-0.110393692249828,-0.0858509252012064,-0.0374816931106,-0.00865667422598872,0.018686507980377,0.0368140951175979,0.00913518557648778,-0.0643242655366728,-0.0780189461115598,-0.139091895933653,-0.126054603644153,-0.103300514555291,-0.0648888301786522,-0.0267222638209779,0.0245420995079472,0.000519484939524594,0.0287298526040494,-0.05480252591164,-0.0482031979198824,-0.0655043586134113,-0.0698468113998323,-0.0894840429409166,-0.0810266910062785,-0.0700838421666118,-0.0596433083499154,-0.0546409433397089,-0.0372984088855087,-0.060880886252981,-0.0991241356940846,-0.0650309227266865,-0.0819059508047357,0.00612786540470452,0.0279036498319393,-0.00736840704414996,-0.0658323053095882,-0.137512372325026,-0.177843351064532,-0.182718251046432,-0.21111127781115,-0.268898987706665,-0.227719071527202,-0.206622330874841,-0.20759517267796,-0.197010950776259,-0.175611719795443,-0.157679662302256,-0.140229016139012,-0.132943822283458,-0.160703716023163,-0.241111268343611,-0.261103884950526,-0.243708167135253,-0.253798552250881,-0.203000598114723,-0.160711926685263,-0.116859158085425,-0.0701543201696796,-0.0249824154363241,-0.0540399142496873,-0.104160550392171,-0.156195172081241,-0.111470219304075,-0.0718299295615724,-0.0518749869642802,-0.027965352358702,0.0064823973176385,0.0293302209500886,0.0397725522883255,0.0568090256165182,0.051324785827122,0.0131338431934071,-0.0592912772297128,-0.0889150502566247,-0.0540596073500995,-0.0480182649241251,-0.0276488819841583,-0.0125354671085654,0.0169840798593997,0.0122489263377141,-0.0319131791191347,-0.103036290119831,-0.171421509379825,-0.204247840704196,-0.205989922953147,-0.186683450788126,-0.166256040388673,-0.151730389450565,-0.146413165333121,-0.154710635725593,-0.158378843914658,-0.172253988361704,-0.185809707437007,-0.194927401460165,-0.193866608549435,-0.186743527128845
"10",0.211826981915563,0.162351916665835,0.0751612726603314,0.0121514059299501,0.0944841440964486,0.206516435233881,0.433008854814498,0.702738073524094,0.880323735212622,1,0.897336319447584,0.760360208181373,0.618990594544167,0.442804666627228,0.344371830506755,0.321079510442779,0.347987359302956,0.395665266856673,0.367638521595381,0.337399488129753,0.269765258848462,0.221307125477223,0.191844485792122,0.147965928135993,0.148952528108163,0.152704474383655,0.0819152177937707,-0.0848179343349051,-0.180421093393271,-0.272294596860313,-0.294001762585747,-0.284177430496938,-0.268057411502425,-0.233403426657325,-0.194279030567378,-0.166754239148567,-0.139574332779676,-0.132219165809518,-0.213829626925155,-0.182831635766429,-0.188290545437223,-0.180894500637073,-0.152917440667397,-0.107112335239883,-0.091541786776961,-0.0531210106122224,-0.0300602775781089,-0.0116212130652158,-0.0964040507737944,-0.16146743634979,-0.150356347792159,-0.13178339138553,-0.101545858831369,-0.0533068567026617,-0.024370853723409,0.00340731645156861,0.022870284204395,0.00249097802159149,-0.0958536624957121,-0.109385374113219,-0.181655373828443,-0.161981301174881,-0.135884998750371,-0.0958462502745555,-0.0568828716387103,-0.00274535039087434,-0.0338043865572314,0.00463533553812853,-0.0834256162300469,-0.0984863551315707,-0.110442451078176,-0.112483343472318,-0.129602539031554,-0.118410432896822,-0.103807267692886,-0.0932911840733219,-0.0872071861645044,-0.0651333703589143,-0.0994566517722364,-0.142783808047197,-0.111356539654608,-0.130172395978729,-0.0308693684654158,-0.00341013910576708,-0.0521599157512613,-0.0962979838196985,-0.157096859427995,-0.190686136551196,-0.187554028083082,-0.213103167680308,-0.279036480896613,-0.228760385743795,-0.194419956726491,-0.191723615257719,-0.183110842062631,-0.166727299636145,-0.155755211528917,-0.144129309648524,-0.140956962376722,-0.169339697059659,-0.249561149596276,-0.267830945732281,-0.248279152505902,-0.239826460935441,-0.180812011334042,-0.146580436680199,-0.116300142008651,-0.0799807809211649,-0.0407355009837911,-0.0584526090868587,-0.0862330404105788,-0.123902153127819,-0.0756281569591701,-0.0373081222814609,-0.0205669902710644,-0.00191912827057944,0.0205076257509751,0.0364729232051375,0.0426473588651834,0.0622264761346094,0.061084301418961,0.026734626735587,-0.0492833179783468,-0.074735262102635,-0.0357335317816164,-0.0277335554405414,-0.0135856074298298,-0.00738413822348455,0.0100856778506364,0.00151383635078613,-0.0424963024454426,-0.0938395241416985,-0.14514873228011,-0.167615084060146,-0.161956116310814,-0.136471973201574,-0.11445174514678,-0.0986768602325349,-0.0939438279713139,-0.102367508732947,-0.111227032745467,-0.130516772466373,-0.148252603854924,-0.157680238267874,-0.154687926057754,-0.145773481755871
"11",0.172670536898839,0.150642170765661,0.0776595354442538,0.013191685388963,0.0453051649776319,0.104815702691258,0.271195665781626,0.525629051154943,0.73142833688774,0.897336319447584,1,0.877398145935181,0.741048601924624,0.553749646702149,0.422867130509511,0.353561469735083,0.343185258324636,0.366844292687646,0.335669147922733,0.315958535490739,0.252712737989615,0.206491790245537,0.175336063748363,0.129331358551858,0.134458984416482,0.137202535193633,0.0658534562673742,-0.0932973878833369,-0.18936288406735,-0.284294461159624,-0.297513136938773,-0.286133040821377,-0.268789451263852,-0.237911368859493,-0.201622126263397,-0.181664427186436,-0.162240462477266,-0.164382872550061,-0.244133794145381,-0.213511698740253,-0.210936358915287,-0.196859055860385,-0.161676011176443,-0.114701291480353,-0.0996350759033194,-0.0610250261229062,-0.039753272415487,-0.0382331234345064,-0.114990888368187,-0.173657071610076,-0.156767218325407,-0.130961419024921,-0.0927429511500097,-0.0441158128289318,-0.0167335541308015,0.00986432577406782,0.0263120338230654,0.00929116153865009,-0.0967783570895003,-0.104571302959053,-0.19034319385145,-0.16668983286249,-0.139976603798476,-0.103984454800329,-0.0701565447398815,-0.0224504736415336,-0.0442297345387663,-0.0123005478159473,-0.0930838567151776,-0.121639628670346,-0.132683769870549,-0.133613509176203,-0.149295287783525,-0.137631240403739,-0.122819178825692,-0.113082366341405,-0.107181073868257,-0.0849392945800838,-0.121741479657036,-0.169156845352713,-0.143946709959063,-0.158979999036455,-0.0619118718261796,-0.0365221899234389,-0.0862193981516932,-0.118943522311973,-0.168170837137165,-0.19487159516141,-0.188490252688907,-0.208298570607442,-0.275689448747865,-0.223145759633136,-0.179424791428947,-0.172352743800202,-0.16708757432706,-0.157000570441776,-0.150941803346698,-0.145294856305586,-0.146413889972936,-0.175785388695056,-0.25283546407011,-0.268435924024858,-0.243943617281228,-0.226380910067792,-0.166431905927447,-0.139673357702962,-0.117653096742038,-0.0877132359788042,-0.0507785819273738,-0.0576682533714285,-0.0741529171571858,-0.10124809241574,-0.0642778640059948,-0.0289641591351974,-0.0111209168156186,0.00561373003455865,0.0219207403751762,0.0329372181726739,0.035962698003607,0.056199808586513,0.0553029726540763,0.0246787432747466,-0.0464562224541704,-0.0712172024830207,-0.0312684226931933,-0.0219022692072065,-0.0112706830632674,-0.00795314667652634,0.0041395038431468,-0.00579827579326354,-0.0482052964892644,-0.0877156171723613,-0.125911427410015,-0.137898661247105,-0.124094975386143,-0.0934339229792369,-0.0703784405279491,-0.0558849068475451,-0.0551982319709107,-0.0691982721858524,-0.0852086072009512,-0.107758645693673,-0.126041737152781,-0.133109261984177,-0.127212867578727,-0.116514703497084
"12",0.133883400152424,0.131947666600497,0.0844026465012251,0.0398037421485651,0.0741502966706781,0.119272982553729,0.240172522094849,0.434606425381974,0.610079490855082,0.760360208181373,0.877398145935181,1,0.872935187575215,0.704688398564852,0.559232314085873,0.455027942635892,0.402826351611312,0.394365237530704,0.343961991931289,0.316583171898594,0.257030549953283,0.219322274976546,0.194586134012935,0.144369642528541,0.148323484613452,0.144511830835514,0.0663637845510721,-0.105210799708256,-0.226814911057166,-0.313082962772212,-0.314478215392538,-0.305759505924775,-0.291895327621393,-0.260463921793144,-0.22485744391122,-0.207519681440217,-0.188938748882163,-0.1999345507887,-0.27796986994556,-0.242761785974055,-0.231482945917633,-0.206462393151896,-0.170020964287696,-0.117451704087784,-0.102755187806228,-0.0560020305779162,-0.0350898336627649,-0.0415460603050813,-0.105285771974687,-0.157400826113595,-0.137753465308837,-0.106470303291438,-0.0595360484024031,-0.00837439061355088,0.0221881239801446,0.044071740840233,0.0544235340940261,0.033484871523336,-0.0679559366425615,-0.068066837199791,-0.163436226862945,-0.140124283293777,-0.114807688724226,-0.0824998382162483,-0.0513746246299835,-0.0183197012707719,-0.0236856243714348,-0.00343142273302042,-0.0897480745432773,-0.113449151592626,-0.124890657581993,-0.125695680137733,-0.140393382153478,-0.131663685779045,-0.122177984381827,-0.11981724180738,-0.120395685431735,-0.108515408408668,-0.140101937639957,-0.193289580753318,-0.162221497703694,-0.182290631895961,-0.0910396062043704,-0.0767315037579291,-0.124744247847098,-0.158605955824698,-0.203349491377056,-0.219898548514223,-0.207763542565917,-0.225820820582862,-0.2964418619037,-0.24090722012455,-0.194764937880702,-0.186630619989805,-0.181289564858543,-0.174383547304297,-0.171104790903343,-0.171971085844987,-0.175446928230063,-0.208573916970285,-0.292197338995705,-0.297661478063322,-0.262279925904342,-0.253051025030166,-0.196200776379692,-0.171534776406743,-0.151225773746189,-0.118927528911081,-0.0798695882454252,-0.0833949269552902,-0.107109431470037,-0.132807275574381,-0.106428431042283,-0.0727116731641838,-0.0479116065945779,-0.0282066032575045,-0.00672712114443069,0.00548224327479171,0.0105396951578924,0.0291339029617431,0.0225679614464107,0.00172986898590541,-0.0584548403127549,-0.0909681265429712,-0.0487638104541756,-0.0425093486843497,-0.0316483896812936,-0.0283261885595304,-0.0129435105348854,-0.0186639302914231,-0.0530197372667371,-0.086685307412603,-0.118735512948068,-0.126284743817085,-0.107373185190051,-0.0739919063013198,-0.0481704009158864,-0.0329944643326007,-0.0316453761769467,-0.0484849130071696,-0.0674182598749213,-0.0901388680957798,-0.107068074258821,-0.110870035679356,-0.102561062576726,-0.0912957509733426
"13",0.0775061895532564,0.0883897695295238,0.066942545414263,0.0485255906143314,0.0883566691692108,0.13327252249446,0.216254492759263,0.34593115368329,0.482706040907032,0.618990594544167,0.741048601924624,0.872935187575215,1,0.868976819785631,0.726510877833587,0.593465834618882,0.487387115246316,0.421470062994193,0.338401582896454,0.304236970849344,0.239607442766982,0.21334295115076,0.202897200926066,0.160570073642464,0.157735690575738,0.140407217512959,0.0535279504901187,-0.101284024399031,-0.222831798587313,-0.299059715411078,-0.299525191729455,-0.300106250781203,-0.296794484803691,-0.276701338271104,-0.249531125702385,-0.230939081879194,-0.211617690582708,-0.228191351969984,-0.28542415669352,-0.244476444070523,-0.223343764182447,-0.193042752432218,-0.153906189978967,-0.102829042222085,-0.0964444577564641,-0.0511716369761512,-0.0256998419088554,-0.0354102968429706,-0.0803892517602216,-0.115493658192833,-0.0908181163197083,-0.0578327219844374,-0.00376342673000003,0.0457328670328351,0.0722506144190792,0.0886668286948068,0.0925952908735713,0.0709099869564686,-0.00881286091247759,-0.0106315931903542,-0.100136042823963,-0.0790045429889272,-0.0629565818056833,-0.0356806346467897,-0.00824747917284656,0.0108951165262498,0.0205068155622357,0.0228524342441591,-0.0583163292135382,-0.0792277020741615,-0.0882502066258599,-0.0917500208217712,-0.108843382471222,-0.103984015420273,-0.100065481548283,-0.102493332246003,-0.107829276722949,-0.108479902529537,-0.132192485257038,-0.191547379591266,-0.173418350185853,-0.208086168062238,-0.131751034067714,-0.130123490933146,-0.165688405838881,-0.191966984693905,-0.221169962633328,-0.217214621922608,-0.199664582324495,-0.212759285341171,-0.283145887363452,-0.238090250261057,-0.201218130200038,-0.196135101326314,-0.19439105467372,-0.189711956097222,-0.187007686130136,-0.186787446943184,-0.19018635020595,-0.220969519236455,-0.29782209495874,-0.302563270186041,-0.276535573246229,-0.278076688651033,-0.22871210293198,-0.203132970128894,-0.183143360795909,-0.147389070192609,-0.114035136172081,-0.109122211242301,-0.137856907424525,-0.154717221653748,-0.135250896372415,-0.107991644910237,-0.0868454214799839,-0.072825171956481,-0.0514727057222515,-0.033373580213128,-0.0192234997852346,-0.00169614161987891,-0.00810090155146467,-0.0107294936162544,-0.0599309311390868,-0.108101861468381,-0.0770843681052559,-0.0720027306164685,-0.0623620340106592,-0.0596302152452715,-0.0430967934317139,-0.0455231998514495,-0.0702400557096321,-0.0958542473290444,-0.119290398089174,-0.120412342112483,-0.099424686289283,-0.0688830544049876,-0.0446702182174524,-0.0304529778381932,-0.0283066632487286,-0.0447955135963023,-0.0621048405068019,-0.0810222695590233,-0.0946494159235818,-0.0954574477488788,-0.0860172599279459,-0.0738438431277798
"14",0.0608978095006494,0.076415768782535,0.0750613101834397,0.0787634757023455,0.125468533664528,0.176316664137958,0.225763538842558,0.272869235532707,0.346558911103682,0.442804666627228,0.553749646702149,0.704688398564852,0.868976819785631,1,0.892492710659684,0.737580848817905,0.58733658034446,0.463342356405733,0.33926650134174,0.270859692048048,0.197555465071779,0.185324180888616,0.201882536210219,0.178912049307484,0.180001738305887,0.155974667758527,0.0575905541293216,-0.0907573635562564,-0.218332134488093,-0.28864683814577,-0.284637700214401,-0.290548746128724,-0.289434930586462,-0.275879006449111,-0.257015497902893,-0.237637530973153,-0.220359107246612,-0.236074981911062,-0.281466248670696,-0.236960389559245,-0.207758319617107,-0.173390080001161,-0.1338706814101,-0.0883786070828981,-0.0847656107841432,-0.0360733147377016,-0.0296851026571093,-0.0395716016158834,-0.0596979002078311,-0.0732775228865728,-0.0466845806825686,-0.0138370524428108,0.0419017624866848,0.084891490301801,0.106858234589093,0.117578094037874,0.116900674275726,0.0979003375307202,0.0463509018636743,0.0423274512670912,-0.0256238660566557,-0.0145001907474862,-0.00755639787567696,0.014338235594811,0.0368852198688307,0.0429342897508195,0.0630787726841538,0.0498198895676572,-0.0210274880109808,-0.0338529419368617,-0.0446191243434989,-0.0505138444539083,-0.0671632166511157,-0.0646347224141035,-0.0688002763386431,-0.0766624754010095,-0.0903664277453832,-0.107157629342129,-0.119928732748438,-0.176162585315448,-0.161845640327353,-0.19638786155497,-0.138347008687224,-0.146920309172122,-0.173802243553137,-0.201627487057147,-0.223789076120992,-0.209749916857629,-0.191674086271196,-0.204909121085996,-0.265027960914546,-0.232007951020179,-0.207847921389064,-0.207316797274878,-0.207001779162503,-0.204101674294189,-0.202805643663247,-0.205972212431685,-0.211382164655882,-0.240837804580287,-0.31016447813381,-0.304765017770915,-0.279241299475135,-0.298709622863958,-0.257057108050164,-0.230198312213902,-0.212088575732358,-0.179629053128899,-0.153055384524013,-0.151746477205232,-0.188075051779027,-0.190512238597328,-0.169778353191322,-0.147448906754319,-0.126233278288065,-0.114213688217521,-0.0892973543257204,-0.0639818902765271,-0.0437790596435524,-0.0274075023534211,-0.0360001974609707,-0.0182891103696196,-0.0546168672723826,-0.113435824382174,-0.0911680031371399,-0.0888752298194405,-0.0789710206721164,-0.0752427681017718,-0.0554627057632717,-0.0529764331781197,-0.0699425847792693,-0.0942575499404247,-0.116748308981967,-0.11630058605131,-0.0959808902959402,-0.06873081778879,-0.0469207613212771,-0.0350396691646661,-0.0328723512951883,-0.048040865178425,-0.0630690462403908,-0.0770102867258209,-0.0863700458915675,-0.0855834449678994,-0.0764336785408042,-0.0642392714234392
