"","V1","V2","V3","V4","V5","V6","V7","V8","V9","V10","V11","V12","V13","V14","V15","V16","V17","V18","V19","V20","V21","V22","V23","V24","V25","V26","V27","V28","V29","V30","V31","V32","V33","V34","V35","V36","V37","V38","V39","V40","V41","V42","V43","V44","V45","V46","V47","V48","V49","V50","V51","V52","V53","V54","V55","V56","V57","V58","V59","V60","V61","V62","V63","V64","V65","V66","V67","V68","V69","V70","V71","V72","V73","V74","V75","V76","V77","V78","V79","V80","V81","V82","V83","V84","V85","V86","V87","V88","V89","V90","V91","V92","V93","V94","V95","V96","V97","V98","V99","V100","V101","V102","V103","V104","V105","V106","V107","V108","V109","V110","V111","V112","V113","V114","V115","V116","V117","V118","V119","V120","V121","V122","V123","V124","V125","V126","V127","V128","V129","V130","V131","V132","V133","V134","V135","V136","V137","V138","V139","V140","V141","V142","V143","V144","V145","V146"
"1",1,0.914833790935845,0.765533436098607,0.578917824733053,0.402147279977328,0.222608996468799,0.148833541740842,0.159348958150263,0.194962113532221,0.204660075527077,0.183790580883024,0.125302308020315,0.0615330496873052,-0.00246396013131468,-0.0748923669566914,-0.127427740915837,-0.159045873184118,-0.168229259332071,-0.129892489444289,-0.069752393292003,-0.0266827641594673,-0.00934673364948405,-0.00588662336325538,-0.00607941297407986,-0.0441308092841514,-0.03140230296507,-0.00951095037488407,-0.0359144175128557,-0.0770016309656833,-0.0478987091212931,-0.0695278851540341,-0.0740650005148259,-0.0523004796393186,-0.0439480105616886,-0.0237399175627078,0.00385921799762996,-0.0109409072571541,-0.0299039073655755,-0.0705195104325252,-0.082652667329629,-0.134552308509688,-0.149507590237835,-0.141848491982591,-0.114341211519382,-0.0800544865786009,-0.0526922868368843,-0.0251170578107251,-0.0331574897438413,-0.0893843437233113,-0.175865570716184,-0.172511129514282,-0.150667999440256,-0.135523085515789,-0.114434448026493,-0.10640355975481,-0.0883129258549405,-0.0808583666318229,-0.093400934665732,-0.136055026041239,-0.200750901450892,-0.235519588365033,-0.202953784915671,-0.207128374209045,-0.209130849116454,-0.194085436647047,-0.189042003737569,-0.176637085712811,-0.195452000349027,-0.196027861984693,-0.248376131781175,-0.198704040351912,-0.167956488940886,-0.182192608820795,-0.183159322537087,-0.17002039015046,-0.164616736106064,-0.14965901559087,-0.133994479756651,-0.115474074360697,-0.18346357055701,-0.207393014350748,-0.252466378533676,-0.24084362126899,-0.20092248142483,-0.155085144881749,-0.134390420707731,-0.123633073224022,-0.118516278470621,-0.140876490381453,-0.142586165102451,-0.169120253561607,-0.10260892449191,-0.0577389655128373,-0.0561677337146361,-0.0491204123529827,-0.0426122179367736,-0.0528036823400697,-0.0589705218905667,-0.0498869236048807,-0.0701685595153151,-0.0786175132771854,-0.0814053710874266,-0.109107718604888,-0.0950714756307247,-0.0697614664533066,-0.0159694722776944,0.0194418613651037,0.0293259265700583,0.0662401109912856,0.0593040555254492,0.0136675506317714,-0.00644571671945974,-0.0342433270942541,-0.0128928894510424,0.0368960011008905,0.0986416418030962,0.140562167075313,0.169992373022752,0.170117552097558,0.0631919141791738,-0.0528018605665031,-0.119271964021032,-0.17465339231524,-0.135692487899564,-0.0879833123451061,-0.00698606085505084,0.0588794229985673,0.109150444617096,0.134096910131452,0.121973683437111,0.0583601185516987,-0.0263888306156765,-0.0830138698537811,-0.0798051910287193,-0.0459602868214791,-0.010660650186384,0.00921872347275067,0.00358736181225271,-0.015502666764236,-0.0457808067025863,-0.0741191198830624,-0.0945385296194792,-0.0995552879137178,-0.0978832786761134,-0.0860165804402967,-0.0734352753287334
"2",0.914833790935845,1,0.899525734471097,0.741548872172675,0.545209064073162,0.299259652707179,0.144188759965331,0.110029551493401,0.144883498619953,0.186376171769047,0.206352551432909,0.177490609317814,0.138281167850939,0.0863354818809345,0.00262499770613648,-0.0788926911168804,-0.144957562766864,-0.183196864157978,-0.168681109491163,-0.10726285343455,-0.0524011540997929,-0.0231432275646442,-0.012195541405034,-0.00861330196924573,-0.0439690385350604,-0.0274860520910319,-0.00262727982592603,-0.0318127627162966,-0.0730746531151581,-0.0606878320374848,-0.0878443871372881,-0.0936975700870144,-0.0686819435383201,-0.0558287497314569,-0.0331736571335173,-0.00446418052461848,-0.0243284398904652,-0.0429690217490676,-0.0871913809774523,-0.0991879988975277,-0.139700578198493,-0.142729153887999,-0.128194413472014,-0.0963230667654346,-0.0627838474645519,-0.0346929378077136,-0.0124842175742147,-0.0213205308246903,-0.0749418664217299,-0.158570457356617,-0.161687721228756,-0.136323669501223,-0.117222504527211,-0.0955523808666689,-0.0856485294090453,-0.0662677576399696,-0.0597537782818475,-0.0768683024901782,-0.129869459243618,-0.195980675616021,-0.234505713895699,-0.205382481646776,-0.21047045778464,-0.212309537273894,-0.19594843104582,-0.189558829439057,-0.182655664506454,-0.200571337072906,-0.212306617374602,-0.27079414906936,-0.220656649680404,-0.192040026226636,-0.212015300079455,-0.213712909351687,-0.200744165340668,-0.199718069797436,-0.18631186671589,-0.170117108800679,-0.159048165234497,-0.237633806494709,-0.261517894112714,-0.326210832546994,-0.301090539674052,-0.259732168384378,-0.220593709134258,-0.199517879448479,-0.188152418699797,-0.182967797887573,-0.201353418046749,-0.20093776085952,-0.220285673716023,-0.132413382301259,-0.0848887484358146,-0.080684083101746,-0.0778550719560216,-0.0735992911013918,-0.0825047171329048,-0.0905527110895677,-0.0796895026659064,-0.104446594566466,-0.128749891375087,-0.129631893871017,-0.15385348328319,-0.140692223648376,-0.109286314146171,-0.0447413515759763,-0.00530272714787189,0.00625716849397918,0.0414510432678257,0.0514091929868543,0.0144183206702238,-0.0235354770958239,-0.0371137175358719,0.00614772893995817,0.064505965216071,0.129927931678275,0.168241611214507,0.187161016340114,0.175137750121492,0.0605039079807315,-0.0594868951350526,-0.119769797731193,-0.165023250085087,-0.109724189765946,-0.0434839176682321,0.0454402195443115,0.111312570393002,0.155674606999051,0.163442618631474,0.134834697826266,0.0506470130691609,-0.0457564205487421,-0.10050648086118,-0.0911067014663202,-0.0499360715712269,-0.0113635015323709,0.0109231477085321,0.00881732613023427,-0.00939468755153888,-0.0407712692809338,-0.073111436468973,-0.101593268283886,-0.114454570964919,-0.120730403647705,-0.110427156540786,-0.0998664272123973
"3",0.765533436098607,0.899525734471097,1,0.880773806857364,0.712047409498135,0.44531408143062,0.211277807564727,0.101280082345731,0.0966980058443491,0.136319386100642,0.182644982938163,0.19143093048037,0.187742760554832,0.164360679041084,0.0847045143217662,-0.0142927112212262,-0.107284831572813,-0.169393492755195,-0.18489549857155,-0.127273434476619,-0.0713939929461682,-0.0390166940247412,-0.0243899395074879,-0.02154973244634,-0.061712293936235,-0.0512037206669278,-0.0234569740874284,-0.0323062462159312,-0.0677782024572858,-0.0584005445279757,-0.0900147630212934,-0.0969958758019967,-0.0748484312183666,-0.0634587377243897,-0.0417425385205532,-0.0141988600886626,-0.0324057637879101,-0.0464259895865562,-0.0903004698671781,-0.0986600724471662,-0.124518975384865,-0.119439205470592,-0.101005843092396,-0.0680993789040999,-0.0413008914774319,-0.0155145875646141,0.000289856664837552,-0.0102126565439758,-0.0531296549199335,-0.125550688229145,-0.136384425303111,-0.111175820044161,-0.0883345715516997,-0.0663209889952922,-0.0551111123281722,-0.0393609284792131,-0.0360081621467148,-0.0534387896600135,-0.104683914243043,-0.164118563342646,-0.205818528750948,-0.181481862676572,-0.192362054736472,-0.197295240117858,-0.180017805336172,-0.176819500773196,-0.172489495687468,-0.200908081684775,-0.211805115312703,-0.270038285870187,-0.218755948664902,-0.191023595833132,-0.21302346516421,-0.216633460879028,-0.209850211143747,-0.215031321351525,-0.207021002794135,-0.192653102280235,-0.190115944709789,-0.273908970753186,-0.302218889868422,-0.372459375421042,-0.347186679775657,-0.309985350809467,-0.277050361991041,-0.254808441199265,-0.239509200065723,-0.229909282255669,-0.239720105994916,-0.241036137517863,-0.253631046472513,-0.15807733032033,-0.104765201146019,-0.0992450979266174,-0.103762505070254,-0.104492138386237,-0.115428940126671,-0.123992359403424,-0.115347269928746,-0.136922045580469,-0.168598797597817,-0.161744070120508,-0.181230971173556,-0.172453641488175,-0.137470872998747,-0.0619715630220079,-0.0199772149460132,-0.00609486035060437,0.031923861127066,0.0356348002227385,-0.00477268767538032,-0.0418966660140138,-0.0480318162636499,0.0161807475683089,0.0853467661796868,0.157389321153062,0.195723408988188,0.212206972471245,0.192058160779601,0.059020379283551,-0.0691673028439981,-0.133955425059735,-0.166035188273668,-0.0933134215655645,-0.0175813907493916,0.0828863951345402,0.151835163976087,0.192515239364291,0.184276053545504,0.136792351216042,0.0304737835610477,-0.0725586534452991,-0.125260161838475,-0.105364321377049,-0.0547996139355516,-0.0118177142122124,0.0112820191820846,0.00876499954724037,-0.012135869035514,-0.0460383380159918,-0.0807997313882821,-0.111902353205471,-0.125414587042018,-0.134039355637271,-0.122080285102589,-0.11162482517658
"4",0.578917824733053,0.741548872172675,0.880773806857364,1,0.848799789532389,0.600251783402717,0.308933648977257,0.116941697218393,0.0508631680790557,0.0669282923871779,0.124885000720148,0.170380737331098,0.206645754678384,0.219739998482223,0.158754576559561,0.0551662701828851,-0.0510205304251217,-0.130091584270709,-0.176358557134139,-0.135483624092487,-0.0862011825802691,-0.0555743135010219,-0.0421476657673344,-0.0421124525424806,-0.0780665212445278,-0.0652860905564539,-0.0457198030393316,-0.0398794794534086,-0.071762207022966,-0.0675937261572476,-0.0976497659020015,-0.104745309250255,-0.0784747377220734,-0.0682780904845464,-0.0513338438404903,-0.0256784270797555,-0.0357290125779544,-0.0399342605194093,-0.0739183781249652,-0.0715565341301361,-0.081925770682985,-0.073417247319407,-0.0565451434245087,-0.0312155177516138,-0.0140089505039431,0.00671793629293047,0.0149469401681584,0.00910407813299623,-0.0205698929697139,-0.0745874616343121,-0.0872803119141597,-0.0712706415560218,-0.0534203036770885,-0.0314698286231313,-0.0225083524130999,-0.0101458393586509,-0.00920560808057603,-0.0273228385195543,-0.0818609753974053,-0.129384848351704,-0.166106681496688,-0.152001874680941,-0.165651497501928,-0.175242867708817,-0.157316513177934,-0.158283779815969,-0.15588210371888,-0.188442229119683,-0.197963333560106,-0.251286595984409,-0.204227794091321,-0.176326798356254,-0.196104027980394,-0.205326458287142,-0.205940680751628,-0.216822820899599,-0.215299143282531,-0.202027962490247,-0.211161869635577,-0.282622857687021,-0.297331791974178,-0.363990844661993,-0.334921790377243,-0.30768402862514,-0.287299170090002,-0.268452885725132,-0.255197120130597,-0.247516080003964,-0.254422031078607,-0.251339549413632,-0.252252954049076,-0.156278194712859,-0.110992987158027,-0.106810420250199,-0.117409948423462,-0.124250667156991,-0.13869494229781,-0.149565970079233,-0.139577795449254,-0.15574393998243,-0.184315976642398,-0.17398127234447,-0.190729271525528,-0.19022118382748,-0.160231462785089,-0.0800603578707733,-0.0382119954580086,-0.0258811873362059,0.00914012631944599,0.0285221900688906,-0.000111095377310245,-0.0509778892487249,-0.0474878322503545,0.0304406249713946,0.0982148283318047,0.165256991386055,0.195522099208818,0.2037812377287,0.176472618675729,0.036669268909262,-0.0827170874511731,-0.138078622533634,-0.156327200468254,-0.0775259226676846,0.00817854600915068,0.107205560738914,0.169869689306006,0.198662999275709,0.175289960308885,0.116252846286567,0.000438107660263251,-0.0966396702346122,-0.135808935266067,-0.102881607869706,-0.0458764190368233,-0.00147954088135829,0.0193179981917558,0.0150525135038008,-0.0089701340054231,-0.0460755969595445,-0.085256447700747,-0.119503655395663,-0.134294917327278,-0.146314997968769,-0.131910857278256,-0.117790465161315
"5",0.402147279977328,0.545209064073162,0.712047409498135,0.848799789532389,1,0.814672688734353,0.554739468286452,0.321695733238037,0.168896903489365,0.0965664717145806,0.102201680131155,0.149584416771447,0.206550931962079,0.250723504373206,0.223758451066809,0.156093028399498,0.0682951061677948,-0.00786175994243544,-0.0759132391734677,-0.0766817847677463,-0.0688524356656502,-0.0645507578499988,-0.0561015148776575,-0.0540703556247852,-0.0897168469119673,-0.0806636155530611,-0.0541581656499118,-0.047034902380854,-0.0568868054040391,-0.044697030164689,-0.0852359958611117,-0.098220100388765,-0.0869895961936841,-0.0981712165063941,-0.0831294202313014,-0.061764685814318,-0.0580874945634734,-0.0544240692561092,-0.0933776400514907,-0.0917811611900874,-0.0873446151171573,-0.0720382886921091,-0.0490149449626597,-0.0187590623415171,-0.00290801782079549,0.0155060886520958,0.00756170065655382,0.00650851832108812,-0.014294576279111,-0.0763589941324155,-0.0941506253345025,-0.0741195747661508,-0.0509311402476082,-0.0268810483178846,-0.0148995955652636,-0.00432336528400652,-0.00245295320457707,-0.0155508053913566,-0.0705677846212408,-0.111124527294151,-0.153873773927794,-0.131720940441339,-0.149585787766627,-0.157702959527539,-0.137195076379088,-0.138475064883618,-0.147744736242708,-0.186102648318309,-0.188568448781888,-0.235970399399018,-0.185425979866233,-0.152718941999225,-0.162723506576339,-0.171612546816806,-0.176475144612795,-0.198698391144083,-0.20084104097622,-0.192279289102932,-0.20604299862897,-0.265766136967735,-0.270546625971675,-0.333644737174823,-0.327852780498948,-0.322910740930387,-0.314257165506637,-0.294874594803178,-0.278216148447429,-0.26596055111077,-0.265018002301685,-0.262067867560838,-0.271482333621193,-0.174124997062721,-0.116603043460897,-0.107548886380282,-0.119457397662729,-0.125348265508635,-0.14342937855796,-0.158768355350304,-0.155510764528337,-0.169996524512503,-0.199552152020691,-0.175134214117664,-0.191439552685299,-0.2008024241426,-0.17472829591449,-0.0937067401746482,-0.0618631348634927,-0.0592131824579889,-0.0174987484676983,-0.00147061263311974,-0.0371941247005774,-0.0934058243323894,-0.0747866830133987,0.0235448769532349,0.10308252507315,0.174673495136087,0.202703570520103,0.207417632706092,0.176018630006968,0.0130143874192832,-0.118376076829993,-0.181369037588832,-0.168075958920548,-0.0765823982262437,0.00760400283779224,0.117696460892956,0.183473650123077,0.211705479696204,0.182041318820438,0.110618104160303,-0.0170625290490777,-0.125426255949597,-0.160882950311373,-0.113263449133709,-0.0441703166787325,0.00967183032830552,0.0327326166549263,0.0267255613788444,-0.00242751193941331,-0.0501086699128825,-0.0998139233874678,-0.13891237616461,-0.152756319920354,-0.159040651678943,-0.130524031373498,-0.109430770470507
"6",0.222608996468799,0.299259652707179,0.44531408143062,0.600251783402717,0.814672688734353,1,0.828734200429106,0.590479119775057,0.371778266920199,0.199809614380279,0.121730116960086,0.133436542944708,0.168663991692229,0.210246238574807,0.213854598136238,0.191685307304006,0.155792826025826,0.113706625216206,0.0522622160340374,0.00560918177958543,-0.0508378317152733,-0.0928878497925165,-0.11273449649517,-0.122629334787291,-0.149291290704369,-0.131893663446114,-0.0970307105793066,-0.0658921818042601,-0.059684993472811,-0.0406890707040076,-0.0811996955435125,-0.0968504158510719,-0.0905406587629425,-0.11475207537868,-0.104189085465566,-0.0859363367482893,-0.0629921213739375,-0.0488648955008245,-0.0699893178923453,-0.0635750268533302,-0.0645518295839135,-0.0658652234147244,-0.0643250777074909,-0.0481060719747194,-0.0347935486661867,-0.0122162904868041,-0.0191509985620261,-0.011420809061591,-0.0275150332406566,-0.0906551603736788,-0.101157763499027,-0.0894274934204733,-0.0692547316391281,-0.044865346911587,-0.031373258320933,-0.0245486524241059,-0.0195036914150914,-0.0256544591413566,-0.0725673576374472,-0.0918104728261581,-0.137937447911519,-0.110437677093841,-0.127057299351496,-0.132394352898791,-0.115725990481647,-0.11245849270821,-0.12633053752924,-0.156896008665462,-0.150928893451351,-0.177780850967769,-0.134696840506338,-0.10345056420851,-0.103615709983702,-0.111822299459575,-0.117427077105726,-0.139121276055265,-0.143902581654964,-0.142934902105152,-0.1500119481687,-0.189711870534272,-0.192766757734828,-0.256113501105677,-0.277681836692901,-0.29705709028094,-0.292322111452964,-0.274661802725564,-0.250286408008062,-0.226088047408082,-0.221665818822083,-0.206573272540787,-0.213487458766482,-0.14006662359408,-0.0867814419871867,-0.0766690620744688,-0.0887793815898203,-0.0982056470261564,-0.124274357169879,-0.138418433956905,-0.140391860284593,-0.139510524127701,-0.162159211872791,-0.135775068966357,-0.159814860931227,-0.177420388955703,-0.160332478366053,-0.0908966669188491,-0.0675526193015966,-0.068929431105337,-0.0244647971688302,-0.00557970985484914,-0.0550005610224773,-0.109527166852572,-0.0821591057649432,0.0149548756171058,0.0936193306701111,0.165398086057871,0.194651586048202,0.204639246618049,0.177198721720332,0.00992737060288938,-0.121481595939249,-0.192139733838759,-0.164835703319015,-0.0817944776239038,-0.00930456379943037,0.104593324143602,0.174496835319113,0.206304359005826,0.180675690016714,0.101965528923205,-0.0347606862578678,-0.150853396546596,-0.181986786267931,-0.128619151162788,-0.0529644297933295,0.00531936702552549,0.0305846389541881,0.0252171009359663,-0.00362212274412002,-0.0564005207979996,-0.110359890774774,-0.14812538804731,-0.156171919833638,-0.153796725705617,-0.111980900838521,-0.0813448434104786
"7",0.148833541740842,0.144188759965331,0.211277807564727,0.308933648977257,0.554739468286452,0.828734200429106,1,0.837600111649376,0.630855764840643,0.400088740194253,0.229281410253533,0.164676041355931,0.138265239112387,0.138010549866629,0.153786367574648,0.182508266628968,0.205658835100143,0.201587108044571,0.170752016524861,0.0859444781640971,-0.0230426281293219,-0.106391636111013,-0.148909991865836,-0.160971873068263,-0.175558515720327,-0.146181202910743,-0.100611605061525,-0.0640051065423307,-0.0476851991456376,-0.0286510948927535,-0.0778174147376335,-0.0981253825577017,-0.101507929324247,-0.133008863261562,-0.122012319990505,-0.100323810131456,-0.0662021485246345,-0.0536646058141038,-0.0722351939452416,-0.074313758000749,-0.0837823839351158,-0.0910037148732941,-0.0928454196888026,-0.0796529614107189,-0.0638731053887041,-0.0433814211917104,-0.0447303389138058,-0.0390635210362041,-0.0602626942118133,-0.134594114179951,-0.134690997499295,-0.120516083026477,-0.097847160753944,-0.075016719919886,-0.0609153719159472,-0.0538644052972016,-0.0455859443299245,-0.0488371810347169,-0.0819992636281612,-0.098836180677965,-0.143492094355338,-0.106495415069237,-0.120280156172845,-0.113792291095645,-0.0996956676544175,-0.0897192125984649,-0.112329999822466,-0.1221826230182,-0.120623365342754,-0.129868932146733,-0.0939042833130464,-0.0620887045066231,-0.0540400475360539,-0.0567513853168752,-0.0576506812426143,-0.0718988191713774,-0.0746537683751792,-0.083535281286282,-0.0759999772162482,-0.100451975936745,-0.107586927594515,-0.19301604085197,-0.233087784377564,-0.266961372759972,-0.263604679311025,-0.246141638607587,-0.222865961915015,-0.19495614763368,-0.182800827007493,-0.150678298421183,-0.174316007364109,-0.113281987255387,-0.0609801984231475,-0.044165218854163,-0.0463809917766728,-0.0487853899049045,-0.0750900008041756,-0.085038249670922,-0.0910693996406019,-0.0882019382751816,-0.107719545813587,-0.0873662994955726,-0.121664188926398,-0.146936454048662,-0.140525885841817,-0.0833527533195395,-0.0633969076777993,-0.0630118620983468,-0.0173732961809697,-0.00364860411534861,-0.0663778560277844,-0.120572514329627,-0.0902106772478651,0.000773696444477445,0.0816787326236017,0.153546246348718,0.18658077459286,0.206478635976558,0.184120415580807,0.0295976019788374,-0.116100157002552,-0.198950363602543,-0.160385934579648,-0.0881637161208406,-0.0331198724579111,0.0787801800336314,0.1507164294446,0.188806439994317,0.172337140250977,0.0965762760055509,-0.0325593878649288,-0.15804411513684,-0.193731096961987,-0.142891355773626,-0.0690613976540454,-0.00643384848073686,0.0258698573126223,0.022794186626614,-0.00279232377773808,-0.0582745512972545,-0.116019477036245,-0.155344746553684,-0.161019356973928,-0.149678552954321,-0.0945680034618987,-0.0556455261928328
"8",0.159348958150263,0.110029551493401,0.101280082345731,0.116941697218393,0.321695733238037,0.590479119775057,0.837600111649376,1,0.866549976556568,0.650058084802618,0.437701147575523,0.296997007989307,0.18741099234591,0.098476109200368,0.0794735358408094,0.112145269663732,0.170065411123953,0.207583761963955,0.225444360936348,0.152571817084074,0.0226729619474179,-0.0868539470338299,-0.160717281699756,-0.189867560296416,-0.215095192256265,-0.184811199064312,-0.136062217054209,-0.0880908667492247,-0.0402562523274304,-0.00433122378360389,-0.0494494599148238,-0.0759048186615887,-0.0947605866308253,-0.135271182944521,-0.129429270780628,-0.109384933877015,-0.0772505234124888,-0.0705569482371213,-0.0874506775501594,-0.0939031003604389,-0.108338623277535,-0.123261174843515,-0.12706124302327,-0.110597179373162,-0.0925149314743277,-0.0713822782733054,-0.0748189402555464,-0.0684708207976021,-0.0999484689086526,-0.183529703957615,-0.175506132935671,-0.155620569921641,-0.133001936488583,-0.111917403148322,-0.097030518685127,-0.0857736440458055,-0.0670066646607141,-0.0626929689806765,-0.0844937070131,-0.108843371883078,-0.161205432233193,-0.125553777603915,-0.135583409338299,-0.120062331976386,-0.100521338872388,-0.0823219842214242,-0.109091057059414,-0.103663744390082,-0.11098528981479,-0.113803661583429,-0.0804131507204558,-0.047074971089417,-0.0373212280647781,-0.0333989643737203,-0.0290406252003324,-0.0384922375659873,-0.0451037408849119,-0.0544737206202724,-0.0442092568423109,-0.0632707364972654,-0.0792563457925407,-0.149170270979181,-0.221314211337478,-0.263433229190473,-0.266196209059433,-0.248412743541809,-0.222071053884204,-0.187767098016503,-0.161499610083666,-0.133817044086239,-0.172138633101622,-0.125029582151782,-0.0684888752441352,-0.0421497369592198,-0.0337002962861951,-0.0268938246338323,-0.0469766852311494,-0.0487021342020003,-0.0541300294454053,-0.0579562421626245,-0.0772559277409579,-0.0545626285968979,-0.0899708259061516,-0.112913009070102,-0.111651889561276,-0.0779124741361933,-0.0603158337710146,-0.056323892395259,-0.0122966741225221,-0.00291609780939442,-0.0701065872767102,-0.143060108347427,-0.110915018531837,-0.0206369194683659,0.0714201320383542,0.146715359564958,0.188416792046152,0.214533518337528,0.1919763704156,0.0748169211694839,-0.0832134080864903,-0.179978812727401,-0.119576061214304,-0.0576222338487975,-0.0193450431789008,0.082946739055588,0.147584740862572,0.182018940656212,0.16475398027823,0.0855476894478952,-0.0380433328598216,-0.152783172485288,-0.186655790024702,-0.13483231465014,-0.0636792563569164,-0.00588617938205626,0.0241502372869734,0.0162572018521161,-0.0118415416194405,-0.0689975487911944,-0.127440730747792,-0.161601867325373,-0.15769492525763,-0.137589214895365,-0.075096587364569,-0.032779202837596
"9",0.194962113532221,0.144883498619953,0.0966980058443491,0.0508631680790557,0.168896903489365,0.371778266920199,0.630855764840643,0.866549976556568,1,0.85032289260179,0.6620740041948,0.482911193977299,0.316958599060225,0.145464968939119,0.0627986763826239,0.0542153848501739,0.0986256675219196,0.142087351688055,0.202981975736251,0.167371688263908,0.0565210465380298,-0.0529238261562472,-0.143385932342329,-0.185805789603414,-0.224343193111056,-0.197608440441635,-0.150399246696309,-0.106358952168003,-0.0402829948902018,-0.00326832113258523,-0.0426168770987235,-0.0698719549395611,-0.0953066468926038,-0.134641212784911,-0.128856293989264,-0.110961706676311,-0.0863606764231934,-0.0810432885096479,-0.101497506242907,-0.113685865794559,-0.12876603973156,-0.142991199814263,-0.14315933591407,-0.121163468679763,-0.101344469941745,-0.0842181764731124,-0.0916274975029227,-0.0847066352468276,-0.124459759480962,-0.212032516011134,-0.19669671831484,-0.172138608450272,-0.150976216094883,-0.130384920517898,-0.111370682640156,-0.0927414425141622,-0.0663038588342031,-0.063051567301365,-0.0838316974969199,-0.123612768634201,-0.179333537698706,-0.152138814572544,-0.157304705506725,-0.131689722348082,-0.104708653851818,-0.0781547188148025,-0.105982692585493,-0.0825096330503779,-0.108071287819228,-0.116761461012916,-0.0940248049856856,-0.0647229528405507,-0.0608005147147375,-0.0488435034430994,-0.0370636068046395,-0.0413801520076372,-0.0442365737907045,-0.0570268520176061,-0.0405395803090606,-0.0679576261556907,-0.0985223605714439,-0.172860975463975,-0.246114594500825,-0.286238445912206,-0.291679296535425,-0.273815335763424,-0.25000845328768,-0.216421896617196,-0.18696777781036,-0.160522295953954,-0.198139826252783,-0.137125504808145,-0.079172617389522,-0.0505917403541134,-0.0369522851870087,-0.0239227262052673,-0.038878778851705,-0.0364872734851995,-0.0396747621882403,-0.0485660008180132,-0.0742678722221062,-0.0524568043366981,-0.081869693822148,-0.104773884138801,-0.112113919696446,-0.0782372729719502,-0.0601473088906955,-0.057699282910066,-0.0168548892460768,0.00200977747797336,-0.0607262320453544,-0.152003296682167,-0.115038023591763,-0.0216730890935204,0.0721590984820705,0.149097638560298,0.193528960064646,0.215261744413785,0.186634627632071,0.0918796051249487,-0.0799020687651612,-0.195251042737348,-0.130770141773846,-0.0698107746866239,-0.0232911417716132,0.0840743565858001,0.156211157980022,0.199671489549278,0.186593697544363,0.107492014695834,-0.0212449886490666,-0.148539789159332,-0.191469391652152,-0.143304301764181,-0.0689509382783159,-0.00463879942586018,0.0363324026773191,0.0355429014012949,0.0128518691937576,-0.0421090843989767,-0.103718534146233,-0.141983087481912,-0.141983579220395,-0.122649473765834,-0.0596525613779592,-0.0162908538413559
"10",0.204660075527077,0.186376171769047,0.136319386100642,0.0669282923871779,0.0965664717145806,0.199809614380279,0.400088740194253,0.650058084802618,0.85032289260179,1,0.861183084831474,0.669432902469249,0.484389418077729,0.259263322964055,0.1102345284495,0.0336853203207317,0.0285168352905397,0.0526410861117062,0.130173170639557,0.145353223983958,0.082291409285414,-0.00411657623031109,-0.0963601368497404,-0.149646550922542,-0.206337462737602,-0.187410184102781,-0.154939255797903,-0.12569323206073,-0.0547820894436185,-0.0215888155417149,-0.0479749607251487,-0.0730591393481719,-0.0984167623407729,-0.134094567430766,-0.129911496325237,-0.116635714350837,-0.10252233408226,-0.102808744940592,-0.123732284132614,-0.132451301155597,-0.140484712705931,-0.149620460750567,-0.146464325794298,-0.119969949615103,-0.0989334378319188,-0.0848871961752233,-0.0978009160493447,-0.0893629300631496,-0.132033790881786,-0.215789775215413,-0.196012315345647,-0.166871356619348,-0.149275006343986,-0.129246106613838,-0.107015359237349,-0.0831324387905416,-0.0548149279290304,-0.0545573247540914,-0.0818069166889054,-0.13261781089384,-0.185614154574165,-0.170188319267063,-0.168538310972191,-0.13636819176823,-0.104674126733547,-0.0741914847335742,-0.102664886500157,-0.0672483031212501,-0.111751369008114,-0.132151823865156,-0.120857312750977,-0.0962492087652415,-0.0960893190290566,-0.0804176774954208,-0.0635220412827203,-0.0669328637906192,-0.0689745231740281,-0.083416988897536,-0.0693277050510061,-0.107456023414727,-0.146573540788711,-0.204875911693544,-0.2739374392245,-0.308368056277093,-0.31746248779043,-0.300464483688989,-0.279428323082181,-0.249548415259282,-0.21890300541477,-0.202871906952246,-0.235920999499746,-0.161210723434576,-0.105453303611306,-0.0779591395891541,-0.064641322990082,-0.0493799076233282,-0.0596883031498392,-0.0540453154888025,-0.0546893191315131,-0.0687456627966738,-0.103230672232645,-0.0762622764168897,-0.0912031703247628,-0.110452867461281,-0.121355269326255,-0.0904237418426886,-0.0712054210293079,-0.0675451903188769,-0.0324543210016533,-0.00191635014572341,-0.0545889772945814,-0.159742387658942,-0.119228344749022,-0.0205751724463125,0.0749013738509347,0.150549175084007,0.193970602840499,0.209347831945856,0.172727858262848,0.102495001801286,-0.0640589201493818,-0.187840625678739,-0.128483412262554,-0.0633905440192836,-0.00277573131289333,0.106238415760874,0.181521865544247,0.227552084622328,0.213201932719022,0.132772922564245,-0.00125456822230001,-0.131495027337292,-0.176023041256658,-0.129330344283091,-0.0526642193300558,0.0132453937875583,0.057313994697263,0.0582865715024861,0.0356100199929095,-0.0171060907487297,-0.0801509220533116,-0.121402923393004,-0.125321419160139,-0.109472674148896,-0.0525185657536167,-0.0122974905407739
"11",0.183790580883024,0.206352551432909,0.182644982938163,0.124885000720148,0.102201680131155,0.121730116960086,0.229281410253533,0.437701147575523,0.6620740041948,0.861183084831474,1,0.836689875294646,0.66491533336777,0.430146950735182,0.23214187688148,0.0819565704108864,0.00966163757720577,-0.00560697890133151,0.0628594240766111,0.116643563309266,0.101766154699485,0.0455014952448779,-0.0361218384680235,-0.095710570144338,-0.167640535104416,-0.160064732046402,-0.150534940346784,-0.142426260524256,-0.0851461002486488,-0.0556971507772514,-0.0694888956262624,-0.089497124974886,-0.111782595592044,-0.142717725888476,-0.141718761686459,-0.13197372449249,-0.128147095010071,-0.130889749263791,-0.151336241366357,-0.151045176727908,-0.147538447760721,-0.150225603199092,-0.1404345728309,-0.108488227999805,-0.0883750410211013,-0.076456156391847,-0.0951491885980596,-0.082111831680044,-0.119634269628814,-0.1930753236332,-0.174246624382777,-0.142816324472959,-0.123702595935037,-0.102113482796102,-0.0786252015570535,-0.0547746391574625,-0.0287460937041696,-0.0327579480960061,-0.0677424577576541,-0.122048965934738,-0.168216834611284,-0.161585464747599,-0.154688004447451,-0.123548524873307,-0.0913899582250042,-0.0635104054501942,-0.0898315442587457,-0.0540414600281634,-0.110352135760364,-0.143490561575429,-0.143145740006832,-0.126981872106043,-0.129686012358817,-0.11572625336553,-0.0994296912519029,-0.105755284235551,-0.108260142997467,-0.122814948827186,-0.120068315695856,-0.169870818597826,-0.205858347894235,-0.244136487103927,-0.303500694726092,-0.332141515911216,-0.345197050469306,-0.329634461838241,-0.310032725602038,-0.282398901434102,-0.250574679896177,-0.248533031230499,-0.279956811844212,-0.195976374517151,-0.139603098530859,-0.114470940200673,-0.105344059302624,-0.0917998068042532,-0.0995511133141353,-0.09119589195731,-0.0880565634718191,-0.104904992622226,-0.150181608811586,-0.116647984443872,-0.113831559948071,-0.126143675947727,-0.134674034833517,-0.102639001281905,-0.0878461896200261,-0.0870304427054314,-0.0562483199858878,-0.0202454278751336,-0.0659721940828987,-0.172911410310311,-0.129649643072413,-0.0223379100139855,0.076662631452303,0.151698967091155,0.189894775346364,0.195976948607683,0.150570066545752,0.0900115371473663,-0.0622337893112766,-0.184010113475808,-0.12970880933832,-0.0513513153222836,0.0242252854391537,0.135437084076304,0.211602194685965,0.255624745895252,0.233715036543958,0.146957978180738,0.0073453922999686,-0.122905409894588,-0.164561055852694,-0.115235828114771,-0.034269803128113,0.0330463077722014,0.0764279202991722,0.0784731281068558,0.0552747851421931,0.00502590112761138,-0.0576435887998436,-0.0997818014309133,-0.106476261530242,-0.0947451821054858,-0.0469020363902107,-0.0131335928902253
"12",0.125302308020315,0.177490609317814,0.19143093048037,0.170380737331098,0.149584416771447,0.133436542944708,0.164676041355931,0.296997007989307,0.482911193977299,0.669432902469249,0.836689875294646,1,0.833130477377072,0.628967417816436,0.411523734967486,0.20868756152237,0.0693240044849529,0.00428317306859961,0.0304261418323108,0.0962553913084232,0.11490331372648,0.0893956246382537,0.0318470891779004,-0.026775117260892,-0.111268228940092,-0.117203488105178,-0.129628383204181,-0.145827192163828,-0.116316663727478,-0.0908268585673257,-0.094086860944619,-0.108704581406137,-0.126976438474275,-0.155771908380632,-0.157105686215872,-0.152104560588008,-0.156804225243652,-0.158896849853699,-0.175949624282714,-0.165686580462012,-0.150407213899424,-0.14242852509164,-0.128340489513092,-0.0968336384201166,-0.0774431976268797,-0.0650939682173672,-0.0881859016308625,-0.0708845918934748,-0.0965267651381818,-0.155037950625132,-0.138593876923425,-0.111647778783376,-0.0915793535514101,-0.0654175046694109,-0.0443778374912087,-0.0212325150533388,-0.0033778279832002,-0.00934146247852466,-0.0476927888252307,-0.100473830379077,-0.135534014771259,-0.130358186118796,-0.122846662733599,-0.0981686547865755,-0.069462342288479,-0.0506510979044599,-0.0730129289905237,-0.053857551720102,-0.110513103242744,-0.155163446479173,-0.157178543254846,-0.143535326411319,-0.148678911241072,-0.139004868904107,-0.127687873797929,-0.143475687653067,-0.150974266958201,-0.161615367336321,-0.175064352892943,-0.233373346239571,-0.258439011245396,-0.272172928244376,-0.32449201899375,-0.351852780077193,-0.367244641686175,-0.353768301976889,-0.336285558258996,-0.310352844506044,-0.278017917512815,-0.289722163129853,-0.322073864170224,-0.231507419222859,-0.175116723539451,-0.153984296612947,-0.152013218121058,-0.141891049513501,-0.149313043363796,-0.143284789631599,-0.137271320158927,-0.154243300446328,-0.206353804875838,-0.161376486936529,-0.141804911357157,-0.151293282851213,-0.153605162035185,-0.121315989446906,-0.112674144597919,-0.117912644700908,-0.0865359967572415,-0.0592373293676137,-0.09832861798339,-0.189002168539826,-0.1449066905865,-0.0291228044423159,0.0713087811671663,0.143672067425641,0.178125917674477,0.180598656210881,0.1297660862853,0.0669089672042181,-0.0679637576333129,-0.176556760017336,-0.128113675911364,-0.0335987293120076,0.0483915544563469,0.161317167769711,0.235995078815811,0.273473299641661,0.242954871373883,0.152061915874231,0.0131641174702465,-0.111556937550583,-0.146977646530189,-0.0921204358835768,-0.00766047380856843,0.0587774750450389,0.098039199708387,0.09812141337918,0.0714932617428706,0.0217555462795087,-0.0422212238037389,-0.0858020714448601,-0.0960295586414083,-0.0884495830004612,-0.0490896263218502,-0.02125280101567
"13",0.0615330496873052,0.138281167850939,0.187742760554832,0.206645754678384,0.206550931962079,0.168663991692229,0.138265239112387,0.18741099234591,0.316958599060225,0.484389418077729,0.66491533336777,0.833130477377072,1,0.834311900609404,0.627267460017325,0.39599650753061,0.195640262217477,0.0639079664851946,0.0208100959834007,0.058429333607409,0.0957911059942632,0.101729781660836,0.083816734853751,0.0434324370267065,-0.0329622240207501,-0.046564928817287,-0.0737448336373189,-0.125745039541183,-0.12437298316672,-0.116006342992767,-0.115183536316252,-0.126005372990404,-0.139218394555601,-0.166601773192263,-0.169108395402497,-0.168238505223954,-0.175955658301522,-0.175951322329656,-0.194613124014143,-0.180867120625267,-0.15510691999151,-0.137552054244623,-0.11447866223791,-0.0813473614725773,-0.0629864495699312,-0.0511311550414505,-0.0758926647060209,-0.056918670238007,-0.0687523047006086,-0.108857902670085,-0.0955350015304795,-0.0728025309427353,-0.0522727675015398,-0.0269044251101857,-0.00625111128059355,0.0114542690236503,0.0247571003341136,0.0179372368613713,-0.0255711147060578,-0.0668949939605855,-0.09589956290434,-0.09478029338379,-0.0839440393243935,-0.0665576002031442,-0.0401866538855001,-0.0292191659401145,-0.0509439839463749,-0.0436669305593291,-0.0998768771464499,-0.14923716816463,-0.152504938954096,-0.140898382840918,-0.14801897317099,-0.146719058692809,-0.142069650379026,-0.166994660319121,-0.179765044016923,-0.188547104629004,-0.216806820555025,-0.279005401727409,-0.289912001570135,-0.285693536807193,-0.329999301974796,-0.356873096144072,-0.374062296176278,-0.365645382351904,-0.353307436034643,-0.332931826096462,-0.300387929226827,-0.320358688581561,-0.353263120950707,-0.256002866168305,-0.196647749010828,-0.17856359872559,-0.186649799252245,-0.181275112759164,-0.188144922760698,-0.185094755947923,-0.17940644877249,-0.199242624648389,-0.257874244610221,-0.20530280720172,-0.175524388108518,-0.183172017984285,-0.178891921510424,-0.143000860161906,-0.140595731177255,-0.149781195051421,-0.121960782662176,-0.0958651722789743,-0.125087231209829,-0.204616098427308,-0.159009617944668,-0.0361150909690486,0.0616264410649379,0.127016906923465,0.153840579498539,0.14960262511448,0.0936162833753963,0.0265645851877247,-0.0816757873276591,-0.162809475012025,-0.119023410292074,-0.0104877349820309,0.0757461537074233,0.180306083708215,0.243732299401569,0.268868052711598,0.22743278726243,0.136408212861076,0.00437407411206563,-0.106876417090192,-0.128484617661401,-0.0681911628663649,0.017695609961934,0.0828440865912916,0.116051584114993,0.110949580639331,0.0793456823285169,0.0288741651570766,-0.0349922443160245,-0.0801815413870084,-0.0950717925272007,-0.0905225195471218,-0.0597401941742867,-0.035900306883849
"14",-0.00246396013131468,0.0863354818809345,0.164360679041084,0.219739998482223,0.250723504373206,0.210246238574807,0.138010549866629,0.098476109200368,0.145464968939119,0.259263322964055,0.430146950735182,0.628967417816436,0.834311900609404,1,0.859534152520611,0.625487328970096,0.393292410210774,0.204427847275714,0.0732669860201788,0.0289804719688359,0.0494941823285424,0.0748735448178999,0.10102844123556,0.0930347720019773,0.0428915320880416,0.0329549370197097,0.00374132764780502,-0.0736504741535197,-0.112932678427317,-0.12569919964924,-0.134534519808859,-0.141935819903528,-0.146296357957807,-0.171750651956338,-0.174031373218715,-0.175403827747316,-0.178714787012414,-0.172654048879259,-0.184308074264129,-0.168719410732966,-0.13956374043688,-0.117233496057954,-0.0918788883478234,-0.0586478449390676,-0.0434837639822256,-0.0346395715318641,-0.0619221367512334,-0.0419014949379938,-0.0359454770914753,-0.0529468737810179,-0.0456046346076494,-0.0276727046277721,-0.0130897133294746,0.00710301751090366,0.0266920843167971,0.0414094628249714,0.0568879242480175,0.0499250504482288,0.00150849416478401,-0.0322808786231044,-0.0505749431147826,-0.0447857020295654,-0.0395865112471461,-0.0311574737641054,-0.00601335823398026,-0.0057751736737077,-0.0232905544179295,-0.0345260396077966,-0.0869808493466318,-0.128858879338945,-0.120365986146975,-0.111955983423991,-0.125958770528685,-0.133687559813135,-0.134802090276977,-0.16844632138133,-0.186514795085783,-0.190209866432946,-0.229517596807348,-0.289307636248157,-0.287686833075692,-0.282403568024389,-0.320079053867941,-0.343754542450268,-0.358067469856828,-0.35540636360264,-0.351207082505439,-0.336287558192446,-0.305868571556354,-0.317495828431327,-0.343839724887022,-0.240788981469017,-0.187562044045806,-0.177967432540863,-0.197524976432784,-0.198499640498035,-0.207175574798514,-0.204739317648205,-0.197591318935531,-0.219419267307283,-0.274693939393758,-0.217823638987396,-0.184467600214034,-0.195079728342391,-0.184636373005608,-0.149027426557158,-0.151415239728696,-0.166758818138366,-0.148299124429273,-0.127532892127061,-0.143278189164319,-0.20711276489352,-0.159932139895443,-0.0326787980158443,0.0534836197820914,0.10830267688384,0.125268436632792,0.113702896057558,0.0579526293908975,-0.023826756410736,-0.106219235703624,-0.145328871213875,-0.109989046396065,0.00609004356992615,0.0938639438030973,0.183567563931667,0.230580244235474,0.239740983473952,0.188452177133613,0.105870601336229,-0.0118352553656907,-0.100764243089525,-0.107467066345607,-0.0427831457852102,0.039018998706063,0.0984682751800789,0.12506230729944,0.116636612810543,0.0808792395466072,0.0280650818177595,-0.0385185537497416,-0.0893027915178878,-0.111282135302336,-0.110556954515617,-0.0877093823039859,-0.0648838252828926
