"","V1","V2","V3","V4","V5","V6","V7","V8","V9","V10","V11","V12","V13","V14","V15","V16","V17","V18","V19","V20","V21","V22","V23","V24","V25","V26","V27","V28","V29","V30","V31","V32","V33","V34","V35","V36","V37","V38","V39","V40","V41","V42","V43","V44","V45","V46","V47","V48","V49","V50","V51","V52","V53","V54","V55","V56","V57","V58","V59","V60","V61","V62","V63","V64","V65","V66","V67","V68","V69","V70","V71","V72","V73","V74","V75","V76","V77","V78","V79","V80","V81","V82","V83","V84","V85","V86","V87","V88","V89","V90","V91","V92","V93","V94","V95","V96","V97","V98","V99","V100","V101","V102","V103","V104","V105","V106","V107","V108","V109","V110","V111","V112","V113","V114","V115","V116","V117","V118","V119","V120","V121","V122","V123","V124","V125","V126","V127","V128","V129","V130","V131","V132","V133","V134","V135","V136","V137","V138","V139","V140","V141","V142","V143","V144","V145","V146"
"1",1,0.917047276880885,0.765041916907147,0.574938929266497,0.367354375456102,0.197955002903,0.117590881621191,0.101999422560452,0.128318654382372,0.190254117425085,0.212223671131993,0.207127797717057,0.136914342698556,0.0469383139083435,-0.074874439263882,-0.178193545762788,-0.250382443338185,-0.245202196714051,-0.185386881046774,-0.0991566206924751,-0.0214086027829409,0.00145492129916201,0.00332362545136619,-0.0154091724611834,-0.0593285412303231,-0.123248016336438,-0.147068503383661,-0.181820536074844,-0.15883684046065,-0.115822418044171,-0.0473342955216283,-0.0247246441858923,0.00109753521961116,0.0190544019448917,0.0283183017067276,0.0206407545761994,-0.0155028758785277,-0.0478689358615099,-0.142242447041387,-0.138733751502398,-0.120677396552899,-0.0918255022662001,-0.0481282587626879,-0.00738486629543847,0.026551962470418,0.0757975663133011,0.0695194055762792,0.0262939048799456,-0.0442066648993866,-0.110367634396571,-0.0879882502303447,-0.0908511361004702,-0.076064276413914,-0.060466577240987,-0.0580209749309996,-0.0392283377458513,-0.0324350227306337,-0.0547434174312794,-0.0828162431661047,-0.160442343268335,-0.188964474919847,-0.20678765646736,-0.220053635262819,-0.215901560904825,-0.206049068517547,-0.219444023932949,-0.258621107330035,-0.240896873211932,-0.24392294690139,-0.316575522183673,-0.273857835344578,-0.254588478854727,-0.239034042562627,-0.261835714532659,-0.262306330061807,-0.268277519936397,-0.240122426822894,-0.237325510965772,-0.214474414078219,-0.24552912770521,-0.255834702026339,-0.266003022425836,-0.217053264119987,-0.202152815280799,-0.199062515138657,-0.214454470395941,-0.225065525563949,-0.231325211680417,-0.22098531854556,-0.237744467108012,-0.274421925692877,-0.213189100864664,-0.168128407888774,-0.157601565400791,-0.15749839249969,-0.139781992027467,-0.142332310739771,-0.12446315883326,-0.110494640183444,-0.138838198890856,-0.166465090954503,-0.143880000886829,-0.0946711851047551,-0.0893459595572598,-0.0750417003103285,-0.0556282913401184,-0.0323300713708413,-0.00864782016880363,0.0251845604318749,0.0442439639425431,0.0570639231354672,0.0499966784270019,0.0293496123490125,0.0298132871606995,0.0295337355952364,0.0535536134064753,0.0864965326203332,0.108715070754002,0.120677460238614,0.108707892633542,0.0740758091477354,0.00297689910454763,-0.0266682256838934,0.0176084354845531,0.0122610233890571,0.0471703662697939,0.0734691265769095,0.079606169879565,0.0694158931882334,0.0612163987833267,0.0289142372593895,-0.0121281903224837,-0.0445676561108165,-0.05524130193526,-0.0533636561357194,-0.0467144199105369,-0.0299943507664116,-0.0134265215631911,-0.00319550231198231,-0.00883526130407307,-0.0269563564788197,-0.0507806093055677,-0.0767390690528881,-0.104349805876438,-0.107975224340924,-0.091384437368871
"2",0.917047276880885,1,0.9109836359958,0.747169253340725,0.506146214551882,0.2508936455961,0.0773796611570585,-0.0101447611978318,-0.011344979633794,0.0763408594507407,0.162827538765861,0.236095891561784,0.223265222582873,0.172004007863176,0.0479534922071263,-0.0958704820536901,-0.226858700055653,-0.286509504754275,-0.271001539916987,-0.183869014283112,-0.0679586523198604,0.000277619956881935,0.0495642176495111,0.0509733549800021,0.011944615072216,-0.0654562299046422,-0.128652861891173,-0.191917577908226,-0.178315544929071,-0.124890228998469,-0.0272020434219995,0.026282583456134,0.0751140747232763,0.0951985554995101,0.0825629408350018,0.0346024101708514,-0.042609385321264,-0.107569727209012,-0.183141951514326,-0.184069923038607,-0.137487542075967,-0.0850220114802108,-0.0348656069550684,0.00617557142933867,0.0323073160518637,0.0862138038487267,0.078399356862814,0.0217193459355037,-0.042504589956677,-0.0945477533522097,-0.0598555072112898,-0.0562269375745705,-0.0385938625562443,-0.0192613738389427,-0.0309124547086834,-0.0237909887424414,-0.0483211480101923,-0.0947250215903547,-0.131972947093145,-0.21135096412763,-0.224925450789406,-0.235538219967925,-0.237062044525692,-0.224080552181407,-0.208382479662471,-0.213942550992922,-0.24464083387171,-0.221579080883536,-0.218076161828361,-0.280360421508765,-0.246795478881337,-0.230157882081663,-0.213917502312159,-0.235186196662731,-0.238487509342242,-0.24929422411951,-0.226834515182455,-0.230277252053136,-0.211086422253012,-0.24743181573091,-0.263608246566004,-0.270651595166591,-0.221323052061039,-0.212894103730248,-0.220862081061094,-0.241273109570839,-0.255059013854342,-0.268173100659827,-0.265289623997434,-0.291598689914947,-0.334887245442685,-0.271461106180409,-0.221111494696344,-0.215228804017346,-0.217136853735225,-0.200309819864849,-0.212592975461157,-0.19821465665465,-0.186555469370174,-0.220979614759205,-0.262487676801718,-0.230222406803637,-0.162748015668144,-0.16698692076068,-0.153914670141739,-0.140936636368592,-0.113985279206484,-0.0794400013949597,-0.0324523182950355,0.00593920379100559,0.0323659034905666,0.0218213294584747,-0.00951630646708584,-0.0173300606327528,-0.0272718714858449,-0.00261164792429484,0.0320578601189364,0.0578238227151451,0.0764041754652566,0.0658913293622197,0.0360554587025417,-0.0205957160513609,-0.0522928557741876,0.0258760212087811,0.0253469662411208,0.0615071126396675,0.0890774415320724,0.0916899602211034,0.0802115388620315,0.0724349177585903,0.0458719159779063,0.00274453779453349,-0.0250179138246751,-0.032300464943734,-0.0284826671063139,-0.0217565158345252,-0.00714929417270065,0.00437399502789933,0.0112789952480365,0.00348329460320052,-0.0168963235610987,-0.0414006943198732,-0.0674497505995055,-0.0966750320040761,-0.102573175066627,-0.0878500809938149
"3",0.765041916907147,0.9109836359958,1,0.894354353914729,0.687921148560202,0.400687202355584,0.146133731282132,-0.0342283305738693,-0.107552783848416,-0.0485288746503749,0.0650884994411613,0.201863560233098,0.25220790738561,0.263290600149304,0.173271050931073,0.0266790077006527,-0.137885266957036,-0.248862055931292,-0.288403080122675,-0.230798343101725,-0.112122785409997,-0.022066746811045,0.0601102213968032,0.0806314015052174,0.0546368363090509,-0.0187884021475716,-0.103186772338829,-0.16844276202451,-0.15813385766737,-0.103163539822213,0.00303360455981363,0.0718162008679413,0.129260698604026,0.143636525475014,0.109771869685266,0.0297838419888271,-0.0767724279938583,-0.160663315264817,-0.19548453845295,-0.194105552625513,-0.122597248215947,-0.0583170844112453,-0.0121574337488496,0.0226476654814881,0.0353847882273127,0.084621518246636,0.0710009082178804,0.00416446802237482,-0.0508915619744144,-0.084677368587327,-0.0368294765627091,-0.0281681334028527,-0.0119924644056927,0.00923993064102085,-0.0174535282648592,-0.0270425548699892,-0.0805032704956516,-0.141069329957798,-0.176688756374767,-0.246450045372035,-0.244504425257067,-0.251386860228955,-0.243148228332152,-0.219844912926179,-0.198879570754593,-0.193362801997332,-0.214763392586193,-0.187818223457074,-0.17631166597122,-0.235933154067466,-0.213852443973064,-0.199536182776929,-0.183143631377816,-0.198482010164371,-0.20262662840324,-0.215102176003956,-0.200584380622629,-0.210030218032722,-0.194646893120203,-0.231623527708427,-0.254403418663121,-0.260369590993771,-0.216106301535558,-0.216922240850297,-0.224993259558743,-0.247498229815934,-0.263880192946525,-0.284026904643984,-0.287923212910081,-0.322978597549191,-0.365149492147063,-0.304621249069967,-0.254035199069495,-0.251293591935571,-0.256878835204861,-0.243677235665208,-0.263645778818811,-0.25417929359914,-0.245902231575019,-0.282619337440487,-0.334820445557251,-0.29285455666068,-0.213078538546608,-0.231056635157436,-0.221216739973662,-0.215239423081893,-0.191076704610668,-0.150349784091284,-0.0952004710204825,-0.0513409523096397,-0.0168932263598935,-0.0319966776769068,-0.0677457137719629,-0.0766095546177807,-0.0877631853804322,-0.0563815132812778,-0.0159699029876146,0.0144466395704929,0.0372714746515669,0.0282650396980487,0.00339434197240346,-0.0392027491806302,-0.0737822733603498,0.0154556764090238,0.0220784676788316,0.0591351888961859,0.0867002620020411,0.0858726622345487,0.0736292570211567,0.0707873515004139,0.0472581629148273,0.00495088361220194,-0.0186201525653363,-0.0213332880216625,-0.0152427846442636,-0.00885410913514603,0.00152039273893217,0.00719233961993168,0.0108418957007936,0.00198690400265844,-0.0163713297619176,-0.0356147189221855,-0.057002098758703,-0.0842196867713473,-0.0943151648781061,-0.0828280668208572
"4",0.574938929266497,0.747169253340725,0.894354353914729,1,0.875062155172406,0.628603725210964,0.339295630389244,0.0719183645113946,-0.106634514425114,-0.139252592964263,-0.0580233018692889,0.0970853406026365,0.196378175438787,0.283158979671693,0.265648015024632,0.167153328315081,0.0118112115014704,-0.120131926991088,-0.213905174038278,-0.220908680876649,-0.144543734708458,-0.0637960555138842,0.0259023685296558,0.0575068744465456,0.053508916585457,0.00403880200760629,-0.0683920763331178,-0.0946875122929233,-0.0735672155481935,-0.0245994914142548,0.0590180222957944,0.112742056975615,0.148969612442023,0.137902201034511,0.0776227592236864,-0.0126182596288288,-0.126528760673719,-0.202667573475586,-0.173155129275353,-0.158349038612345,-0.0730629716394719,-0.00908223912385275,0.0177069219176486,0.0400558391054752,0.0390048337151209,0.0793005268553751,0.0523199466919685,-0.0293938837864814,-0.0761493218165783,-0.0921040701501574,-0.0359519899887456,-0.0251878849281802,-0.012923273019456,0.00807296655194443,-0.031701231580164,-0.0602899351907868,-0.131426998995084,-0.184034161366713,-0.201645943733812,-0.250629142923864,-0.232749092466739,-0.238755123217389,-0.224970592976357,-0.197359810013982,-0.17205718457029,-0.158500236924852,-0.173024078659796,-0.142619547847689,-0.127860124210599,-0.200591967506327,-0.187826968913856,-0.174380039349066,-0.159276369878984,-0.170863698276342,-0.173677467488038,-0.185934113219665,-0.176356311930439,-0.190273979901092,-0.175947537980536,-0.214766022259675,-0.243371098527508,-0.249353251438431,-0.208421903710171,-0.213173889556529,-0.21778192319404,-0.240252882765638,-0.257741308238354,-0.28022054258985,-0.289269956859421,-0.327409851709307,-0.370003163951925,-0.313993481091007,-0.268287682584901,-0.269858928571657,-0.274849277283645,-0.264449363279022,-0.291387980368577,-0.286102231913071,-0.278742308241908,-0.30622259901823,-0.361215377996558,-0.314876615417092,-0.234773860504838,-0.266709088008992,-0.259816750734184,-0.257756335929393,-0.237764469373362,-0.194404469766186,-0.150516906678081,-0.118825501109914,-0.0939986208548416,-0.115804101440285,-0.144372444451689,-0.139248387403585,-0.133264337845074,-0.0826723514174441,-0.0306904138801118,0.0042313893443701,0.0276443885465421,0.0150636002037319,-0.0193466953678723,-0.0594004188550215,-0.0907246350823585,-0.00804847043868622,0.0138549258226837,0.0525584655797605,0.0813799662342817,0.0798545248852675,0.0672414748147707,0.0582594263497614,0.0240692669902128,-0.0264042569130331,-0.0482022354907594,-0.0428273199316184,-0.0301429296264672,-0.0214791801186122,-0.0140881510665915,-0.0135751880486718,-0.0134651704004012,-0.0224340899317234,-0.0353694895459151,-0.0439667644962349,-0.0576649637918555,-0.0718294894709336,-0.084332153290478,-0.0775283122194123
"5",0.367354375456102,0.506146214551882,0.687921148560202,0.875062155172406,1,0.873142180845452,0.620829427992486,0.314084564107682,0.0345516674294658,-0.134021578624163,-0.153137666175175,-0.0513899257563029,0.0539763503288113,0.195603625924253,0.268966200039495,0.266621153282865,0.176465721200941,0.0741121634510256,-0.0491577498972346,-0.14107362223081,-0.152660528717872,-0.120282703853898,-0.0577558317703859,-0.0237015306081253,-0.00407661717041143,-0.00484271637067808,-0.0275110658750891,0.00074877649097174,0.0366769390455343,0.0634827523636317,0.0968020223318643,0.112013925714282,0.10891007765812,0.0733769703293492,0.00256584972050215,-0.0723440581593937,-0.160806351848146,-0.200784567726096,-0.108599780012391,-0.0793038641093816,-0.00486072929984396,0.0364237002428866,0.0335604366747497,0.0402036522529707,0.0283945956038857,0.0478671326166885,0.00987866437663514,-0.0759178048889884,-0.11589104120289,-0.116907193631381,-0.0634926956388156,-0.0561711006114184,-0.0519552029134918,-0.0353846249205576,-0.081109761616395,-0.121353847769101,-0.18429447506257,-0.202941216568191,-0.194531079697776,-0.213666578817986,-0.188541845572995,-0.20425978066734,-0.198230265639511,-0.175367897260583,-0.150032079750304,-0.131967168372044,-0.140422582733891,-0.108805841855894,-0.0945081791109026,-0.187093300139427,-0.176828942109135,-0.163384799893545,-0.14967586165386,-0.156240591038504,-0.154757273857828,-0.162607831148691,-0.154102884480633,-0.16711621567256,-0.151859945233666,-0.184704451209505,-0.211900753792687,-0.22010722103679,-0.18173910496468,-0.190302326976089,-0.179401542963109,-0.198418855518459,-0.217378742562531,-0.237830892502075,-0.250047865019975,-0.279397100227085,-0.316624497320696,-0.270403752714418,-0.234568871924919,-0.238308267180923,-0.243375065031598,-0.235977736986801,-0.257181955925374,-0.253408398724873,-0.245481622141792,-0.265082133810128,-0.312277513633696,-0.274581962819293,-0.21209846116648,-0.250594562130706,-0.243519406907396,-0.234851970855304,-0.220759265331691,-0.183872959277336,-0.168417914768752,-0.16813334137836,-0.170098158144272,-0.197662121579364,-0.203755729333074,-0.171953571350882,-0.137577383193532,-0.0636561830348108,8.51771147402862e-05,0.0358835675573073,0.0531523713541177,0.0329849866855074,-0.0157427472403154,-0.0569165799882909,-0.0925726792289214,-0.0416140299750148,0.000305028749919167,0.0367499502187587,0.0627482456921535,0.0589269244932063,0.045128553595294,0.029726969929727,-0.0156384062381818,-0.0742461591955494,-0.0951186499107616,-0.08294009332389,-0.0640048781758584,-0.0530575745494266,-0.0472238113179828,-0.0491165518718236,-0.0526282763164348,-0.0604743523322681,-0.0671526765335024,-0.063405277650654,-0.0679872064756641,-0.0631934181402401,-0.0764638800411897,-0.0728639643164392
"6",0.197955002903,0.2508936455961,0.400687202355584,0.628603725210964,0.873142180845452,1,0.876665302353322,0.613053382644112,0.295319866880526,0.0065418196598734,-0.14837583314653,-0.169983607453021,-0.120815097657494,0.01638726185525,0.156278551354336,0.262402010174892,0.279890183920485,0.255980764296792,0.153492266228103,-0.00842421910198147,-0.127042465606704,-0.17581377305924,-0.181122574418218,-0.164042058588886,-0.126133133716012,-0.072221384740784,-0.0142281237903228,0.0843148392008651,0.145066357376246,0.142031285966459,0.105543474053536,0.0560859646067924,-0.00370756207374267,-0.0626940351682472,-0.121155543290737,-0.145020961436469,-0.168891723834428,-0.143185148115413,-0.0158404271496887,0.0285622630797542,0.0669324813994616,0.0680261666323917,0.0334671080014193,0.0251531367822754,0.0134253679187277,0.0143266294004496,-0.0264431345099184,-0.102722063098365,-0.142096618572596,-0.139623586948049,-0.103852762777781,-0.106903797755425,-0.114033740055223,-0.103832927944988,-0.138677317115017,-0.175627507866033,-0.197962658027071,-0.162408175284115,-0.118550503570406,-0.112329351261521,-0.0981149827995464,-0.13061495181858,-0.140670850994867,-0.130957833812205,-0.110427535203657,-0.102094331723716,-0.117456414411728,-0.0897419864935319,-0.0881619543354796,-0.200605351738144,-0.183385216023719,-0.171410951784309,-0.15895567026269,-0.16405238798577,-0.162329578630279,-0.165041820671617,-0.152684900639144,-0.159075884018327,-0.139195885723192,-0.16271929172708,-0.179389652658957,-0.192457000977232,-0.157598073828026,-0.161816058252216,-0.139036559814346,-0.148436996873564,-0.163029061308896,-0.174990719805555,-0.176796108258763,-0.196973194727431,-0.219406521934738,-0.184105749991039,-0.159626150023525,-0.162988767913489,-0.165678244729711,-0.157851349818435,-0.166799621665563,-0.162024531588023,-0.151324101763295,-0.157769979765186,-0.183596752994063,-0.166659473796417,-0.133039993652471,-0.167048833886251,-0.160172075113538,-0.143009100390493,-0.139741345528348,-0.119903319580306,-0.138852101968964,-0.175679577600957,-0.200487219741031,-0.21699228474622,-0.195048775926314,-0.134077247733426,-0.0723967730545972,0.0175184268613412,0.0847879722517392,0.11603293628559,0.122499390992012,0.0952341569577546,0.0234310450035462,-0.0316916741360318,-0.0671093511257351,-0.0613374212751745,-0.00178120899432228,0.030975896319985,0.0506951710552893,0.0440754992402593,0.0215602185804686,-0.00915318958107613,-0.0660276785544208,-0.127854348900283,-0.148879813769181,-0.129803297208939,-0.107496519345161,-0.0955163756064306,-0.090325703261833,-0.0934314224303458,-0.0986606027843901,-0.106939145267666,-0.108486543211218,-0.0959548472515221,-0.0911782190605548,-0.0681957095544444,-0.0769134440786707,-0.0711836753873754
"7",0.117590881621191,0.0773796611570585,0.146133731282132,0.339295630389244,0.620829427992486,0.876665302353322,1,0.861365538154086,0.610486423630664,0.290992592402154,0.0332384341645133,-0.134931527456722,-0.199067828050154,-0.15301155433237,-0.0271393068401964,0.13212016669954,0.239771570186942,0.32214979961038,0.296149127577129,0.127248601890375,-0.0608125385534416,-0.187777400717029,-0.276338605237914,-0.296510648549806,-0.268201841158025,-0.187383797782629,-0.0588587655692188,0.0866915088487801,0.176575880612182,0.163235894960654,0.079912041347958,-0.0252160755950479,-0.128507598267516,-0.199990481655306,-0.233881761298965,-0.199740312964093,-0.156796700363409,-0.0701243582044174,0.0310581974076714,0.0886803185038253,0.0872545657023697,0.0555611556349599,0.0078898864688818,-0.00261720369299437,-0.000484115210651237,-0.00361337543488587,-0.0360214195500711,-0.0903940919514825,-0.137929133012321,-0.149100826513808,-0.138161369936674,-0.153701322381268,-0.167273434458081,-0.160487027598719,-0.171881097914178,-0.191257130838519,-0.157480153038556,-0.0763344016898473,-0.0121585825497924,-0.00905587895952223,-0.0197132179237985,-0.0701252187037882,-0.100702545118461,-0.109162974912323,-0.0967245190327832,-0.103816066308225,-0.135139957729191,-0.114751627036099,-0.125434011527589,-0.252716521185939,-0.221921190898314,-0.209486148085735,-0.199649072655789,-0.207917033391952,-0.205349170137268,-0.201555107144725,-0.183354565024497,-0.177990374306343,-0.154054191953868,-0.169305691668816,-0.17652843700779,-0.196939374225292,-0.159189864141518,-0.154062716659356,-0.121533499929026,-0.122238079934947,-0.127987937210853,-0.127347050420601,-0.111779892344663,-0.122218939968919,-0.135669023237576,-0.107189925398064,-0.0905680165173609,-0.0901507737435219,-0.0893331976784405,-0.0783370373405681,-0.0720395278659195,-0.0612192264484258,-0.0447797648312595,-0.039785852844956,-0.0381376624465641,-0.049064000039672,-0.0411615119162916,-0.0608527432771565,-0.0517709688224089,-0.0221130662020072,-0.02108139281972,-0.0145512616232639,-0.0603672836930955,-0.125668819477535,-0.173411893524726,-0.178604233748406,-0.130957414148043,-0.0513547989446917,0.0275551337750972,0.121518966559071,0.183732570392814,0.203827272472736,0.197903366790783,0.169566925610607,0.078752572494187,0.00988628411835445,-0.0192926192661363,-0.0425527864509666,0.0248606609635055,0.0541684261562366,0.0676347356538694,0.0591338647281006,0.0251986936719061,-0.0245461885935143,-0.094832981359631,-0.15488685759242,-0.175209985855303,-0.154645136847358,-0.132774525444834,-0.121612087805849,-0.114855324255816,-0.117192012746889,-0.123330429854662,-0.133057513629772,-0.133869054085927,-0.119596799082685,-0.110214510525648,-0.0744704260341901,-0.0753295357451775,-0.0649912387436081
"8",0.101999422560452,-0.0101447611978318,-0.0342283305738693,0.0719183645113946,0.314084564107682,0.613053382644112,0.861365538154086,1,0.872869064800265,0.600300854828124,0.305525461002098,0.0255744911411948,-0.157349075500231,-0.245086973039714,-0.198473792739063,-0.0573965875931716,0.0920603127489819,0.268605647823073,0.342072958311954,0.231594584091058,0.0344018904694765,-0.142666919707378,-0.302502441369458,-0.368680585318129,-0.373205732218855,-0.301109438234304,-0.141666381198376,0.01634473172364,0.127325865361133,0.124926964798253,0.0311207171956442,-0.0996239682238897,-0.221513347609522,-0.288732122904287,-0.293634728332143,-0.217603415956914,-0.129377365254789,-0.00701540712927093,0.0280608961806905,0.0899274162239914,0.0565993384647786,0.00749501950323557,-0.0327469684343527,-0.0318945576939084,-0.0091029425476131,-0.00748441551820909,-0.0229191745318144,-0.0462577012150517,-0.103685136842921,-0.139104741715063,-0.153355875206408,-0.178236854679098,-0.191444230195977,-0.185122862157886,-0.170521063912795,-0.165982713007466,-0.081715127792595,0.0213631919060918,0.0826603929089205,0.062557276918818,0.0299638984493431,-0.0306854991663422,-0.0782177693865179,-0.10138101354844,-0.10083825472172,-0.125675988954423,-0.173949599742964,-0.160608414271471,-0.182052978174281,-0.303391447168248,-0.26022135977891,-0.247375726086824,-0.236902374989838,-0.254709180054122,-0.25131203142505,-0.242456963065679,-0.21635837235729,-0.200230673832214,-0.174177659238013,-0.183284395328763,-0.184023558822483,-0.211250148860904,-0.169948734802505,-0.155377281979956,-0.120703242354677,-0.11534613754449,-0.110797880790989,-0.0976153291110376,-0.064684107375878,-0.0706516836176541,-0.079121794923623,-0.0572154909301825,-0.0455078695735659,-0.0408246897433701,-0.0367005081373429,-0.0210248895323279,-0.000902008018683212,0.0187107312687953,0.0419909745439948,0.0536409749858207,0.0767451659756909,0.0398239189710173,0.0311785801358467,0.029806618274064,0.0428838820850371,0.0833390482025976,0.0910059618780325,0.0938454474231796,0.0385998822649895,-0.037959727793225,-0.100277316554061,-0.0984651621452435,-0.0381042074036538,0.0434503834344452,0.124753300097239,0.207196660045538,0.25820043851583,0.268017074045234,0.250203264595825,0.22800847852382,0.133999931946447,0.0587854697241618,0.0380355034114563,0.00205679037759208,0.0651547363676652,0.0906628622520936,0.0951505707206467,0.0817682297646499,0.0388196640416645,-0.0256674405766546,-0.0995151811506488,-0.148013306362307,-0.165312693926832,-0.144637585023884,-0.125726852629594,-0.117929366629291,-0.110903090852839,-0.111708235158563,-0.119574377291667,-0.134038773634631,-0.139067265129433,-0.128492869713804,-0.118731510069239,-0.0787817096804889,-0.0716153418163085,-0.056063119128296
"9",0.128318654382372,-0.011344979633794,-0.107552783848416,-0.106634514425114,0.0345516674294658,0.295319866880526,0.610486423630664,0.872869064800265,1,0.848127061663628,0.598888184702913,0.280787237667618,0.0113037225372942,-0.215432612804144,-0.296612871885127,-0.247252777822577,-0.123808470260971,0.10573740448604,0.272900613924582,0.265340804379718,0.124948793733592,-0.0549205708684394,-0.248767568395861,-0.352846549707181,-0.401061970928176,-0.370800029131181,-0.231553291075248,-0.104654741422011,0.00945381229062835,0.0359285251279651,-0.0268540099987505,-0.142030428205086,-0.24995666977851,-0.2989581273276,-0.27958052455569,-0.188840114413235,-0.0954679049299539,0.0222574562870425,-0.0297199906808216,0.0244234125761988,-0.0220958806879564,-0.0644328513357128,-0.0768225507430857,-0.0547284728386791,-0.0100841261455461,0.0076980753008654,0.0133211767881496,0.0116019150507926,-0.0525556017582753,-0.111558191001497,-0.140399139430483,-0.168519971623751,-0.17494557313607,-0.164433628646196,-0.128358500361263,-0.0996705152934795,0.0111015130782129,0.103907270486367,0.138880335421801,0.0822625292011789,0.03378260684866,-0.0249941196770417,-0.0778402625232482,-0.107295953365034,-0.116216233312429,-0.152601816439376,-0.211422523602596,-0.205148494781468,-0.229782123845123,-0.329921684447129,-0.280552115798853,-0.267196906068682,-0.257767838113293,-0.282965763265018,-0.278613761733495,-0.266995229445804,-0.238308963072073,-0.213979517174891,-0.195043428774002,-0.202509538916811,-0.201661953391967,-0.23147237685266,-0.190611985839698,-0.167601041617781,-0.13773383054672,-0.1299969621958,-0.117956367398661,-0.0941363532937778,-0.0526156459152672,-0.0592188437824099,-0.0675250379511005,-0.0478853434766059,-0.035239556930871,-0.0283493894521007,-0.0226196871139964,-0.00347142842205449,0.0223712226594759,0.0493618942853319,0.0783384251331611,0.0882921731567951,0.121854804169979,0.0715999737064492,0.0614415674981783,0.0759381097204488,0.0913992344707131,0.135586507746059,0.155499292182734,0.161994894831331,0.11745490539745,0.0528779866747771,-0.00858017615759618,-0.0055956941623327,0.0504412061436068,0.115651605852702,0.182177644272098,0.243463429368111,0.27718136395097,0.276819582528619,0.255290817311119,0.242875302476478,0.158874344675968,0.0865617469033378,0.0778151308767339,0.0553118722255931,0.106375713199115,0.130258727582811,0.130682075589861,0.115821774488034,0.0683937463225286,-0.00435577797427032,-0.0731685589432771,-0.110116109047523,-0.124707867858166,-0.106403526315434,-0.0921539125282311,-0.0864224440878615,-0.0778965354951874,-0.0764196616008464,-0.0837083969880646,-0.102316621620937,-0.113817645680378,-0.111940797493511,-0.10507473806512,-0.0690714734290474,-0.0561289615294656,-0.0374347868844417
"10",0.190254117425085,0.0763408594507407,-0.0485288746503749,-0.139252592964263,-0.134021578624163,0.0065418196598734,0.290992592402154,0.600300854828124,0.848127061663628,1,0.867733085608782,0.590879012059377,0.290085952132421,-0.0419250235288246,-0.267101129236496,-0.362980129667325,-0.334512352366569,-0.106597945728807,0.119416947171155,0.233516885880074,0.198850997823849,0.061224555025299,-0.12469410771372,-0.253837624087718,-0.351115439412699,-0.388276418331458,-0.318924885970548,-0.248150969962492,-0.140905433504421,-0.0664236611898184,-0.0647314789257943,-0.129840031085645,-0.199586445307121,-0.22989254628742,-0.208271702265107,-0.142889431570899,-0.0859276995665159,-0.0085063270616594,-0.140399040140244,-0.0934877356098172,-0.125297603525011,-0.135935214304145,-0.11193515414304,-0.0670757193480391,-0.00881705296918736,0.0294231440829607,0.0563944011748171,0.0683326636876921,-0.00025648378317459,-0.0769940972210517,-0.108378318213977,-0.129123020192349,-0.123052736437793,-0.105526094409016,-0.0606048309074231,-0.0164656908762661,0.0926103308373193,0.149449379658648,0.144033335343514,0.041664563669646,-0.0110729693558438,-0.0585086668156811,-0.10501108405062,-0.128028340310585,-0.14006193771997,-0.17837115832953,-0.238280663039807,-0.239561400389588,-0.261388080144093,-0.331342195014898,-0.283566860964917,-0.272364237220705,-0.262699931932876,-0.292944485105311,-0.28895505914503,-0.274945787178997,-0.249004245250849,-0.223794837875933,-0.216454182062675,-0.23186361355005,-0.236496629985776,-0.268763418349645,-0.23064756057207,-0.203295163860508,-0.180529765272586,-0.174648543958016,-0.159267245161966,-0.130979224865854,-0.0875646724437135,-0.103259012579339,-0.119903328493148,-0.0957036290058898,-0.0757777672225539,-0.0681445749356583,-0.062894641102714,-0.0410085154110907,-0.0197667579921344,0.00984676946183607,0.0411878430781964,0.0474939600839764,0.0747980950753498,0.0277013653333871,0.0314799278655706,0.0540316999285252,0.0713318127308048,0.113901734887395,0.149565742201426,0.169857352656872,0.15722707111332,0.119773655421538,0.0744314988274714,0.0691467109863792,0.103505869942285,0.139242832971782,0.178402094858656,0.214758437987071,0.233992803369157,0.230765505617673,0.215329034116024,0.215438669142805,0.152810195989712,0.0902327093120049,0.0924656462120251,0.100473287990567,0.134417452183341,0.160358039545412,0.163229893939233,0.150584461021807,0.106932282193313,0.036733919360501,-0.0207427030124669,-0.0432653191905397,-0.0546878529379443,-0.042528607899811,-0.0355794659156776,-0.0315768067140706,-0.0227453247011564,-0.0215418974819459,-0.0298074454553033,-0.0499246222924703,-0.0668958961702104,-0.0721616345785242,-0.0693169335087842,-0.0439936526635723,-0.0308934685754053,-0.0136090265776638
"11",0.212223671131993,0.162827538765861,0.0650884994411613,-0.0580233018692889,-0.153137666175175,-0.14837583314653,0.0332384341645133,0.305525461002098,0.598888184702913,0.867733085608782,1,0.844751483728927,0.59966504044478,0.254882659683485,-0.0637244740842665,-0.307126781427139,-0.420848531632809,-0.276053173712254,-0.0704975319300235,0.13137318421524,0.217671998346848,0.166329225323456,0.0432460286936494,-0.0802384127027671,-0.208595161056887,-0.315089823779592,-0.349923500980526,-0.345725851495806,-0.267813212458272,-0.149984462742786,-0.0707933645018899,-0.0629794311045339,-0.0791192861750944,-0.0936324425016276,-0.0926078596194423,-0.0874392508414148,-0.100733286804206,-0.090793381604212,-0.260365867790784,-0.221024140565854,-0.212187986292011,-0.175511718142222,-0.118070501187481,-0.0592822187468608,-0.00250138691162675,0.0486662179631748,0.0847409939186147,0.0922338179627356,0.025269920814736,-0.0498390247571337,-0.0628338428172371,-0.0677106617682618,-0.0490295900900882,-0.0235795268111275,0.0150070180051327,0.05728560541862,0.129196759069476,0.130306737137747,0.0815224709424347,-0.0497192473765984,-0.0882097325028772,-0.11591650363208,-0.14309755981105,-0.150486426374821,-0.160882184314103,-0.191432533135565,-0.238301163283251,-0.245316120951577,-0.24952472231562,-0.289996234292579,-0.253347747506707,-0.243512779847335,-0.235588352769133,-0.26476838333401,-0.261200568894471,-0.251230082127248,-0.235072112496493,-0.218075988752855,-0.223472851274767,-0.249898015772156,-0.267317398196197,-0.296595034883169,-0.261233457775955,-0.237301242796567,-0.223676435812748,-0.224642732385536,-0.212024650003317,-0.189327690297461,-0.155061261808924,-0.187456777218345,-0.214686730724151,-0.183022379409678,-0.154101369452476,-0.149383879832405,-0.147752895349584,-0.126156267991495,-0.118406443426791,-0.090758718444441,-0.0610472291205061,-0.0663527753450725,-0.0609651627436023,-0.0904756934001428,-0.0619280128931302,-0.0453339858490196,-0.0275025432745148,0.00521631768112158,0.0551552723403011,0.098333312704226,0.125269085989194,0.12759150069974,0.105694672437592,0.0867304593140732,0.0879837168845716,0.0909800411884229,0.0981521358775884,0.115357152631703,0.128639651529974,0.129585717375754,0.128444603868186,0.138167797279942,0.0994396965675596,0.0561138453174032,0.0684703318948355,0.119930229171658,0.142269590148502,0.170978962990927,0.178205209977545,0.169432151345025,0.136197650147571,0.0774115723047069,0.035811900532722,0.0255124901658153,0.0186444506657593,0.0290499094454843,0.0322900571801803,0.0363857635552165,0.0436803356806301,0.0421891767833399,0.0306920391397505,0.00759387937862232,-0.0168062425863674,-0.0281825415972774,-0.0295516162400981,-0.0131756491331335,-0.00239274895837609,0.0119739010240909
"12",0.207127797717057,0.236095891561784,0.201863560233098,0.0970853406026365,-0.0513899257563029,-0.169983607453021,-0.134931527456722,0.0255744911411948,0.280787237667618,0.590879012059377,0.844751483728927,1,0.870530341055741,0.581658894477247,0.236950384655199,-0.110983300414912,-0.363383855513825,-0.340361374985852,-0.214858041579144,0.0150024932015011,0.194768206706046,0.233836632144371,0.195914831445906,0.099965296094368,-0.0353108890150669,-0.191727202653158,-0.322345817380254,-0.378064982262259,-0.344491093161787,-0.200941182432887,-0.0595113029393014,0.0165970148126811,0.0532641355766843,0.0519991226086621,0.0229786967604573,-0.0355033455209997,-0.121655845663542,-0.181046684086553,-0.350303397837138,-0.321115270769622,-0.267806126602456,-0.187754695576083,-0.106310664090877,-0.0441686007901947,0.00160764307876894,0.0550852218442987,0.0922526822349334,0.0876260014717668,0.0292236298501905,-0.0286926803914606,-0.017629896441218,-0.00494064710880317,0.0259772611614985,0.0601660309539079,0.0805204138088144,0.111062946974088,0.130808779854429,0.0812305984612609,0.000551460515290942,-0.138078611852309,-0.158654758271685,-0.163514117479322,-0.167112553060955,-0.155178609896729,-0.160784855008437,-0.178569932203337,-0.212058867409074,-0.219949345327653,-0.213034035723521,-0.22476128332356,-0.203755777956006,-0.195084573995345,-0.188049652362278,-0.21281699919109,-0.210359023668283,-0.205114360076965,-0.200758270318239,-0.198016339991367,-0.21560399642481,-0.254450659436803,-0.283379796770558,-0.306741295395788,-0.277587378052769,-0.265525170978572,-0.256339894984577,-0.267234411829889,-0.261012127878947,-0.246796213472657,-0.229286528078987,-0.276179146072209,-0.312291666542224,-0.271228173145943,-0.236275677441077,-0.236189012595116,-0.240604765284389,-0.221512865851962,-0.227941625456681,-0.205030541016143,-0.181034307018499,-0.200515098608701,-0.223282841662699,-0.228210731773614,-0.171924176950834,-0.168512483591766,-0.150781003768997,-0.129855526974297,-0.0730915141101781,-0.0108433928461723,0.0500495077804583,0.088032669498754,0.0903768160358414,0.0567707708832048,0.025905438985247,0.000805661769976884,-0.0197818490490168,-0.0139455235961184,-0.00085880247193597,0.00783868941622294,0.0255769768277501,0.0404996559437863,0.0239624522870747,0.00777596108398699,0.0247047979193672,0.111789596210992,0.125330845186866,0.155181016904214,0.16863383832357,0.162397820041039,0.143374180934625,0.101774201172624,0.0762645672995781,0.0766636810065632,0.073552813081204,0.0838740960760022,0.0865074929122993,0.0919567568462591,0.0957494164569005,0.089260997786553,0.0737309763865998,0.0488148606539603,0.0200182087357303,0.00463502801750385,0.00110583634638732,0.0108007084009747,0.0189828244257281,0.0299092949452684
"13",0.136914342698556,0.223265222582873,0.25220790738561,0.196378175438787,0.0539763503288113,-0.120815097657494,-0.199067828050154,-0.157349075500231,0.0113037225372942,0.290085952132421,0.59966504044478,0.870530341055741,1,0.824459421163962,0.543878595471073,0.184761542833636,-0.146691693331869,-0.250470790054028,-0.25222523795236,-0.0765313693909721,0.126016880391301,0.234899833711214,0.283228921974714,0.237061556720732,0.131868200176854,-0.0264811971052249,-0.212940131585531,-0.300348233103375,-0.32130307970011,-0.191928581594609,-0.0342326692904765,0.085570406089865,0.158932022171446,0.166169648049535,0.109777497741639,0.00527047207701472,-0.13046962885861,-0.235912313031241,-0.359478095994794,-0.342565954958432,-0.258122645340114,-0.154914941772518,-0.0680954796057495,-0.0156084574966284,0.00963158635729838,0.046754347827867,0.0720146447390121,0.0491096250030946,0.00718289217690125,-0.022214147008663,0.0124902127311521,0.042275074683086,0.0794479945449172,0.115756034407702,0.114124600978081,0.125425427678569,0.0936939216324774,0.0116538520598789,-0.0771587539139177,-0.18904716023242,-0.189161049742144,-0.175598099926109,-0.157813692924967,-0.133007804170429,-0.136016097619453,-0.141034407839653,-0.152082217172063,-0.160694011929589,-0.141460833959548,-0.139405058154398,-0.134312791513829,-0.128059708870606,-0.121821592120576,-0.137885607887266,-0.138088577274175,-0.137686655811175,-0.149144971303026,-0.158751856702804,-0.183906092076918,-0.228981941818047,-0.259682489512156,-0.275713580657805,-0.253777119258733,-0.258639328819615,-0.255513228313444,-0.27447455943763,-0.276128878825839,-0.271645856067782,-0.268976743402474,-0.324731985066572,-0.360878688774365,-0.32019021398121,-0.287212694161885,-0.292440599582676,-0.303656415693469,-0.288847751697777,-0.306984317522676,-0.290611190539049,-0.273943368522186,-0.309471424317595,-0.349100227853241,-0.333088436379042,-0.264977065288209,-0.27664710285656,-0.261105522877957,-0.251408376625185,-0.197001980601165,-0.130341072926218,-0.0536123522056449,0.00341898348734905,0.0191150217770757,-0.017671177581681,-0.0641163082561742,-0.101574468520489,-0.135327528266431,-0.13121164895724,-0.114380973500213,-0.098715501521553,-0.0649627946459488,-0.0546814723259083,-0.0529148365906287,-0.0381809234636575,-0.0204791444634124,0.0791912394790279,0.0946851077432564,0.121577938844996,0.136040956318115,0.129189548920038,0.119346529356121,0.0956175633022327,0.0836477150371183,0.0920017749268617,0.0954968629775559,0.107813275297729,0.112952382575367,0.120012358823484,0.120897964429425,0.10880616623518,0.0877148559475395,0.0612083973138938,0.0318153977494052,0.0167438471529676,0.0140062738795996,0.0225174749716039,0.0306013251844013,0.0395007572897214
"14",0.0469383139083435,0.172004007863176,0.263290600149304,0.283158979671693,0.195603625924253,0.01638726185525,-0.15301155433237,-0.245086973039714,-0.215432612804144,-0.0419250235288246,0.254882659683485,0.581658894477247,0.824459421163962,1,0.846836636902306,0.54238160651379,0.18307277997313,-0.0405662372817984,-0.193209280261422,-0.129487803460089,0.0416358697594515,0.19708109360978,0.324623405754098,0.337231199828556,0.282466195952531,0.145866368664797,-0.0640843039589812,-0.176734836216526,-0.256371938229179,-0.165424277940785,-0.0183665805946323,0.12483693200538,0.22603168970268,0.243534103893401,0.171589959973152,0.046072765055962,-0.122880220540826,-0.255614611033459,-0.319615200872184,-0.321623261423767,-0.220251250558376,-0.107330257562636,-0.0248059456714468,0.0137642467436571,0.0169661203726574,0.0294460994988381,0.0336616453125137,-0.00743208877738985,-0.0273492711959482,-0.0209778861512088,0.0404722406813635,0.0799535912949059,0.11848513496149,0.151913197243326,0.13181211743769,0.123726241658051,0.0477051619724838,-0.0555817991786513,-0.140510436708869,-0.209523578798348,-0.194613924865057,-0.165557050179825,-0.131623884828096,-0.0996367299396345,-0.101688681158017,-0.095876890866092,-0.0886846595547194,-0.0951742344230449,-0.0742206635429128,-0.0547969350972441,-0.0620472657246999,-0.0568860814608165,-0.0536933924276633,-0.05989019668749,-0.0636796357591612,-0.0676403212602469,-0.0912954564538576,-0.11010357655625,-0.14027148436695,-0.184194362136123,-0.202613161026801,-0.212658290351223,-0.199909523643739,-0.221617414248205,-0.227326345036684,-0.251188566522338,-0.261099932006268,-0.26665415705676,-0.277856285044566,-0.335248822167494,-0.364765725173612,-0.329484969399574,-0.300366282775336,-0.314682105059977,-0.332285340079951,-0.324031453245539,-0.35243205595621,-0.345431546873584,-0.338272587419698,-0.386414416004455,-0.434282843880993,-0.403422904695673,-0.333229316902918,-0.362080345165508,-0.352630347049001,-0.353706813815587,-0.311709096885119,-0.249599912071477,-0.174078903040732,-0.108327842804152,-0.0842593825448338,-0.114150758641317,-0.161548966965994,-0.199367096126758,-0.241850700552412,-0.234635116326929,-0.213244341491324,-0.193828293655814,-0.145927058142072,-0.146335754026831,-0.128707156401389,-0.0738781739869512,-0.0638505515280805,0.0415892236580713,0.0605777377132981,0.0791152917204398,0.0896565279052808,0.0789281962347777,0.0727247697166795,0.0656588093177063,0.0639493041983899,0.0770907784778012,0.0890793245674424,0.106832932895072,0.116854228524225,0.127846282365237,0.125986720586583,0.109368895030668,0.082626749333928,0.0522260434937258,0.0222342213106234,0.00692423903390024,0.0077466169859181,0.0179142509084383,0.0303859646894847,0.0411389738904577
